{"14": [{"img_id": "0", "img_name": "./templates/linemod/test/lamp/000000.png", "mask_name": "./templates/linemod/test/lamp/mask_000000.png", "obj_id": "14", "bbox_obj": [231, 72, 203, 380], "cam_R_m2c": [[-0.23873246299757991, -0.9710853778690672, 0.0], [-0.11395658634881299, 0.0280151850227083, -0.9930906533825947], [0.9643758123982759, -0.23708297766190276, -0.11734970883701012]], "cam_t_m2c": [0.0, 0.0, 400.0], "model_path": "./models/obj_000014.ply", "model_info": {"diameter": 282.601, "min_x": -101.573, "min_y": -58.8763, "min_z": -106.558, "size_x": 203.146, "size_y": 117.753, "size_z": 213.116}, "cam_K": [572.4114, 0.0, 325.2611, 0.0, 573.57043, 242.04899, 0.0, 0.0, 1.0], "img_crop": "./templates/linemod_desc/test/lamp/000000.png", "img_desc": "./templates/linemod_desc/test/lamp/000000.npy", "obj_name": "lamp", "uv_crop": "./templates/linemod_desc/test/lamp/000000_uv.npy", "object_name": "lamp"}, {"img_id": "1", "img_name": "./templates/linemod/test/lamp/000001.png", "mask_name": "./templates/linemod/test/lamp/mask_000001.png", "obj_id": "14", "bbox_obj": [197, 71, 223, 384], "cam_R_m2c": [[0.23873246299757955, -0.9710853778690673, 0.0], [-0.113956586348813, -0.028015185022708253, -0.9930906533825947], [0.964375812398276, 0.2370829776619024, -0.11734970883701012]], "cam_t_m2c": [0.0, 0.0, 400.0], "model_path": "./models/obj_000014.ply", "model_info": {"diameter": 282.601, "min_x": -101.573, "min_y": -58.8763, "min_z": -106.558, "size_x": 203.146, "size_y": 117.753, "size_z": 213.116}, "cam_K": [572.4114, 0.0, 325.2611, 0.0, 573.57043, 242.04899, 0.0, 0.0, 1.0], "img_crop": "./templates/linemod_desc/test/lamp/000001.png", "img_desc": "./templates/linemod_desc/test/lamp/000001.npy", "obj_name": "lamp", "uv_crop": "./templates/linemod_desc/test/lamp/000001_uv.npy", "object_name": "lamp"}, {"img_id": "2", "img_name": "./templates/linemod/test/lamp/000002.png", "mask_name": "./templates/linemod/test/lamp/mask_000002.png", "obj_id": "14", "bbox_obj": [239, 78, 233, 329], "cam_R_m2c": [[0.3776432332830238, 0.9259511803305527, 0.0], [0.10866115470611178, -0.0443167530504512, -0.9930905189644093], [-0.9195533382101758, 0.3750339145244356, -0.11735084636678268]], "cam_t_m2c": [0.0, 0.0, 400.0], "model_path": "./models/obj_000014.ply", "model_info": {"diameter": 282.601, "min_x": -101.573, "min_y": -58.8763, "min_z": -106.558, "size_x": 203.146, "size_y": 117.753, "size_z": 213.116}, "cam_K": [572.4114, 0.0, 325.2611, 0.0, 573.57043, 242.04899, 0.0, 0.0, 1.0], "img_crop": "./templates/linemod_desc/test/lamp/000002.png", "img_desc": "./templates/linemod_desc/test/lamp/000002.npy", "obj_name": "lamp", "uv_crop": "./templates/linemod_desc/test/lamp/000002_uv.npy", "object_name": "lamp"}, {"img_id": "3", "img_name": "./templates/linemod/test/lamp/000003.png", "mask_name": "./templates/linemod/test/lamp/mask_000003.png", "obj_id": "14", "bbox_obj": [179, 77, 249, 329], "cam_R_m2c": [[-0.3776432332830237, 0.9259511803305527, 0.0], [0.10866115470611178, 0.044316753050451185, -0.9930905189644093], [-0.9195533382101758, -0.37503391452443546, -0.11735084636678268]], "cam_t_m2c": [0.0, 0.0, 400.0], "model_path": "./models/obj_000014.ply", "model_info": {"diameter": 282.601, "min_x": -101.573, "min_y": -58.8763, "min_z": -106.558, "size_x": 203.146, "size_y": 117.753, "size_z": 213.116}, "cam_K": [572.4114, 0.0, 325.2611, 0.0, 573.57043, 242.04899, 0.0, 0.0, 1.0], "img_crop": "./templates/linemod_desc/test/lamp/000003.png", "img_desc": "./templates/linemod_desc/test/lamp/000003.npy", "obj_name": "lamp", "uv_crop": "./templates/linemod_desc/test/lamp/000003_uv.npy", "object_name": "lamp"}, {"img_id": "4", "img_name": "./templates/linemod/test/lamp/000004.png", "mask_name": "./templates/linemod/test/lamp/mask_000004.png", "obj_id": "14", "bbox_obj": [169, 85, 311, 331], "cam_R_m2c": [[-0.9973298126900292, -0.07302906763523145, 0.0], [-0.00857002685156043, 0.11703755164049061, -0.9930905125645714], [0.07252447420998476, -0.990438774880269, -0.11735090052588848]], "cam_t_m2c": [0.0, 0.0, 400.0], "model_path": "./models/obj_000014.ply", "model_info": {"diameter": 282.601, "min_x": -101.573, "min_y": -58.8763, "min_z": -106.558, "size_x": 203.146, "size_y": 117.753, "size_z": 213.116}, "cam_K": [572.4114, 0.0, 325.2611, 0.0, 573.57043, 242.04899, 0.0, 0.0, 1.0], "img_crop": "./templates/linemod_desc/test/lamp/000004.png", "img_desc": "./templates/linemod_desc/test/lamp/000004.npy", "obj_name": "lamp", "uv_crop": "./templates/linemod_desc/test/lamp/000004_uv.npy", "object_name": "lamp"}, {"img_id": "5", "img_name": "./templates/linemod/test/lamp/000005.png", "mask_name": "./templates/linemod/test/lamp/mask_000005.png", "obj_id": "14", "bbox_obj": [174, 85, 310, 326], "cam_R_m2c": [[0.9973298126900292, -0.07302906763523184, 0.0], [-0.008570026851560473, -0.11703755164049061, -0.9930905125645714], [0.07252447420998515, 0.990438774880269, -0.11735090052588848]], "cam_t_m2c": [0.0, 0.0, 400.0], "model_path": "./models/obj_000014.ply", "model_info": {"diameter": 282.601, "min_x": -101.573, "min_y": -58.8763, "min_z": -106.558, "size_x": 203.146, "size_y": 117.753, "size_z": 213.116}, "cam_K": [572.4114, 0.0, 325.2611, 0.0, 573.57043, 242.04899, 0.0, 0.0, 1.0], "img_crop": "./templates/linemod_desc/test/lamp/000005.png", "img_desc": "./templates/linemod_desc/test/lamp/000005.npy", "obj_name": "lamp", "uv_crop": "./templates/linemod_desc/test/lamp/000005_uv.npy", "object_name": "lamp"}, {"img_id": "6", "img_name": "./templates/linemod/test/lamp/000006.png", "mask_name": "./templates/linemod/test/lamp/mask_000006.png", "obj_id": "14", "bbox_obj": [196, 82, 288, 330], "cam_R_m2c": [[0.7639295614884382, 0.6452996397675134, 0.0], [0.07572649768271784, -0.08964782653319905, -0.9930905118601138], [-0.6408409495598669, 0.7586511992436253, -0.11735090648741159]], "cam_t_m2c": [0.0, 0.0, 400.0], "model_path": "./models/obj_000014.ply", "model_info": {"diameter": 282.601, "min_x": -101.573, "min_y": -58.8763, "min_z": -106.558, "size_x": 203.146, "size_y": 117.753, "size_z": 213.116}, "cam_K": [572.4114, 0.0, 325.2611, 0.0, 573.57043, 242.04899, 0.0, 0.0, 1.0], "img_crop": "./templates/linemod_desc/test/lamp/000006.png", "img_desc": "./templates/linemod_desc/test/lamp/000006.npy", "obj_name": "lamp", "uv_crop": "./templates/linemod_desc/test/lamp/000006_uv.npy", "object_name": "lamp"}, {"img_id": "7", "img_name": "./templates/linemod/test/lamp/000007.png", "mask_name": "./templates/linemod/test/lamp/mask_000007.png", "obj_id": "14", "bbox_obj": [167, 83, 301, 329], "cam_R_m2c": [[-0.7639295614884378, 0.6452996397675138, 0.0], [0.0757264976827179, 0.08964782653319901, -0.9930905118601138], [-0.6408409495598674, -0.758651199243625, -0.11735090648741159]], "cam_t_m2c": [0.0, 0.0, 400.0], "model_path": "./models/obj_000014.ply", "model_info": {"diameter": 282.601, "min_x": -101.573, "min_y": -58.8763, "min_z": -106.558, "size_x": 203.146, "size_y": 117.753, "size_z": 213.116}, "cam_K": [572.4114, 0.0, 325.2611, 0.0, 573.57043, 242.04899, 0.0, 0.0, 1.0], "img_crop": "./templates/linemod_desc/test/lamp/000007.png", "img_desc": "./templates/linemod_desc/test/lamp/000007.npy", "obj_name": "lamp", "uv_crop": "./templates/linemod_desc/test/lamp/000007_uv.npy", "object_name": "lamp"}, {"img_id": "8", "img_name": "./templates/linemod/test/lamp/000008.png", "mask_name": "./templates/linemod/test/lamp/mask_000008.png", "obj_id": "14", "bbox_obj": [174, 79, 305, 362], "cam_R_m2c": [[-0.8497831888183993, -0.5271323666799761, 0.0], [-0.06185951367916332, 0.09972291233816138, -0.9930905000664203], [0.5234901456274131, -0.8439116119317014, -0.1173510062923502]], "cam_t_m2c": [0.0, 0.0, 400.0], "model_path": "./models/obj_000014.ply", "model_info": {"diameter": 282.601, "min_x": -101.573, "min_y": -58.8763, "min_z": -106.558, "size_x": 203.146, "size_y": 117.753, "size_z": 213.116}, "cam_K": [572.4114, 0.0, 325.2611, 0.0, 573.57043, 242.04899, 0.0, 0.0, 1.0], "img_crop": "./templates/linemod_desc/test/lamp/000008.png", "img_desc": "./templates/linemod_desc/test/lamp/000008.npy", "obj_name": "lamp", "uv_crop": "./templates/linemod_desc/test/lamp/000008_uv.npy", "object_name": "lamp"}, {"img_id": "9", "img_name": "./templates/linemod/test/lamp/000009.png", "mask_name": "./templates/linemod/test/lamp/mask_000009.png", "obj_id": "14", "bbox_obj": [168, 78, 311, 359], "cam_R_m2c": [[0.8497831888183991, -0.5271323666799764, 0.0], [-0.06185951367916336, -0.09972291233816136, -0.9930905000664203], [0.5234901456274135, 0.8439116119317012, -0.1173510062923502]], "cam_t_m2c": [0.0, 0.0, 400.0], "model_path": "./models/obj_000014.ply", "model_info": {"diameter": 282.601, "min_x": -101.573, "min_y": -58.8763, "min_z": -106.558, "size_x": 203.146, "size_y": 117.753, "size_z": 213.116}, "cam_K": [572.4114, 0.0, 325.2611, 0.0, 573.57043, 242.04899, 0.0, 0.0, 1.0], "img_crop": "./templates/linemod_desc/test/lamp/000009.png", "img_desc": "./templates/linemod_desc/test/lamp/000009.npy", "obj_name": "lamp", "uv_crop": "./templates/linemod_desc/test/lamp/000009_uv.npy", "object_name": "lamp"}, {"img_id": "10", "img_name": "./templates/linemod/test/lamp/000010.png", "mask_name": "./templates/linemod/test/lamp/mask_000010.png", "obj_id": "14", "bbox_obj": [242, 71, 170, 378], "cam_R_m2c": [[-0.08170600873127103, -0.9966564744871753, 0.0], [-0.11703748271716775, 0.009594745862354741, -0.9930811489959245], [0.9897607568379514, -0.08114069703072167, -0.11743011329695]], "cam_t_m2c": [0.0, 0.0, 400.0], "model_path": "./models/obj_000014.ply", "model_info": {"diameter": 282.601, "min_x": -101.573, "min_y": -58.8763, "min_z": -106.558, "size_x": 203.146, "size_y": 117.753, "size_z": 213.116}, "cam_K": [572.4114, 0.0, 325.2611, 0.0, 573.57043, 242.04899, 0.0, 0.0, 1.0], "img_crop": "./templates/linemod_desc/test/lamp/000010.png", "img_desc": "./templates/linemod_desc/test/lamp/000010.npy", "obj_name": "lamp", "uv_crop": "./templates/linemod_desc/test/lamp/000010_uv.npy", "object_name": "lamp"}, {"img_id": "11", "img_name": "./templates/linemod/test/lamp/000011.png", "mask_name": "./templates/linemod/test/lamp/mask_000011.png", "obj_id": "14", "bbox_obj": [217, 71, 189, 381], "cam_R_m2c": [[0.08170600873127087, -0.9966564744871753, 0.0], [-0.11703748271716775, -0.009594745862354726, -0.9930811489959245], [0.9897607568379514, 0.08114069703072152, -0.11743011329695]], "cam_t_m2c": [0.0, 0.0, 400.0], "model_path": "./models/obj_000014.ply", "model_info": {"diameter": 282.601, "min_x": -101.573, "min_y": -58.8763, "min_z": -106.558, "size_x": 203.146, "size_y": 117.753, "size_z": 213.116}, "cam_K": [572.4114, 0.0, 325.2611, 0.0, 573.57043, 242.04899, 0.0, 0.0, 1.0], "img_crop": "./templates/linemod_desc/test/lamp/000011.png", "img_desc": "./templates/linemod_desc/test/lamp/000011.npy", "obj_name": "lamp", "uv_crop": "./templates/linemod_desc/test/lamp/000011_uv.npy", "object_name": "lamp"}, {"img_id": "12", "img_name": "./templates/linemod/test/lamp/000012.png", "mask_name": "./templates/linemod/test/lamp/mask_000012.png", "obj_id": "14", "bbox_obj": [223, 79, 257, 329], "cam_R_m2c": [[0.519714184246318, 0.854340193771301, 0.0], [0.10032625238435469, -0.06103069573053796, -0.9930810124361241], [-0.848429024595278, 0.5161182882687478, -0.11743126814797983]], "cam_t_m2c": [0.0, 0.0, 400.0], "model_path": "./models/obj_000014.ply", "model_info": {"diameter": 282.601, "min_x": -101.573, "min_y": -58.8763, "min_z": -106.558, "size_x": 203.146, "size_y": 117.753, "size_z": 213.116}, "cam_K": [572.4114, 0.0, 325.2611, 0.0, 573.57043, 242.04899, 0.0, 0.0, 1.0], "img_crop": "./templates/linemod_desc/test/lamp/000012.png", "img_desc": "./templates/linemod_desc/test/lamp/000012.npy", "obj_name": "lamp", "uv_crop": "./templates/linemod_desc/test/lamp/000012_uv.npy", "object_name": "lamp"}, {"img_id": "13", "img_name": "./templates/linemod/test/lamp/000013.png", "mask_name": "./templates/linemod/test/lamp/mask_000013.png", "obj_id": "14", "bbox_obj": [171, 79, 272, 328], "cam_R_m2c": [[-0.5197141842463177, 0.8543401937713013, 0.0], [0.10032625238435473, 0.061030695730537925, -0.9930810124361241], [-0.8484290245952784, -0.5161182882687475, -0.11743126814797983]], "cam_t_m2c": [0.0, 0.0, 400.0], "model_path": "./models/obj_000014.ply", "model_info": {"diameter": 282.601, "min_x": -101.573, "min_y": -58.8763, "min_z": -106.558, "size_x": 203.146, "size_y": 117.753, "size_z": 213.116}, "cam_K": [572.4114, 0.0, 325.2611, 0.0, 573.57043, 242.04899, 0.0, 0.0, 1.0], "img_crop": "./templates/linemod_desc/test/lamp/000013.png", "img_desc": "./templates/linemod_desc/test/lamp/000013.npy", "obj_name": "lamp", "uv_crop": "./templates/linemod_desc/test/lamp/000013_uv.npy", "object_name": "lamp"}, {"img_id": "14", "img_name": "./templates/linemod/test/lamp/000014.png", "mask_name": "./templates/linemod/test/lamp/mask_000014.png", "obj_id": "14", "bbox_obj": [209, 80, 275, 330], "cam_R_m2c": [[0.6519204326900963, 0.758287379191529, 0.0], [0.0890466772755041, -0.0765558678306834, -0.9930810079580029], [-0.7530407948493559, 0.6474098004042982, -0.11743130601810083]], "cam_t_m2c": [0.0, 0.0, 400.0], "model_path": "./models/obj_000014.ply", "model_info": {"diameter": 282.601, "min_x": -101.573, "min_y": -58.8763, "min_z": -106.558, "size_x": 203.146, "size_y": 117.753, "size_z": 213.116}, "cam_K": [572.4114, 0.0, 325.2611, 0.0, 573.57043, 242.04899, 0.0, 0.0, 1.0], "img_crop": "./templates/linemod_desc/test/lamp/000014.png", "img_desc": "./templates/linemod_desc/test/lamp/000014.npy", "obj_name": "lamp", "uv_crop": "./templates/linemod_desc/test/lamp/000014_uv.npy", "object_name": "lamp"}, {"img_id": "15", "img_name": "./templates/linemod/test/lamp/000015.png", "mask_name": "./templates/linemod/test/lamp/mask_000015.png", "obj_id": "14", "bbox_obj": [167, 81, 290, 329], "cam_R_m2c": [[-0.6519204326900961, 0.7582873791915291, 0.0], [0.08904667727550411, 0.07655586783068338, -0.9930810079580029], [-0.753040794849356, -0.6474098004042981, -0.11743130601810083]], "cam_t_m2c": [0.0, 0.0, 400.0], "model_path": "./models/obj_000014.ply", "model_info": {"diameter": 282.601, "min_x": -101.573, "min_y": -58.8763, "min_z": -106.558, "size_x": 203.146, "size_y": 117.753, "size_z": 213.116}, "cam_K": [572.4114, 0.0, 325.2611, 0.0, 573.57043, 242.04899, 0.0, 0.0, 1.0], "img_crop": "./templates/linemod_desc/test/lamp/000015.png", "img_desc": "./templates/linemod_desc/test/lamp/000015.npy", "obj_name": "lamp", "uv_crop": "./templates/linemod_desc/test/lamp/000015_uv.npy", "object_name": "lamp"}, {"img_id": "16", "img_name": "./templates/linemod/test/lamp/000016.png", "mask_name": "./templates/linemod/test/lamp/mask_000016.png", "obj_id": "14", "bbox_obj": [167, 83, 303, 341], "cam_R_m2c": [[-0.973125707929081, -0.23027452435631002, 0.0], [-0.027041443685630294, 0.11427544624643703, -0.9930810051091373], [0.22868125609879286, -0.9663926561277526, -0.11743133011009214]], "cam_t_m2c": [0.0, 0.0, 400.0], "model_path": "./models/obj_000014.ply", "model_info": {"diameter": 282.601, "min_x": -101.573, "min_y": -58.8763, "min_z": -106.558, "size_x": 203.146, "size_y": 117.753, "size_z": 213.116}, "cam_K": [572.4114, 0.0, 325.2611, 0.0, 573.57043, 242.04899, 0.0, 0.0, 1.0], "img_crop": "./templates/linemod_desc/test/lamp/000016.png", "img_desc": "./templates/linemod_desc/test/lamp/000016.npy", "obj_name": "lamp", "uv_crop": "./templates/linemod_desc/test/lamp/000016_uv.npy", "object_name": "lamp"}, {"img_id": "17", "img_name": "./templates/linemod/test/lamp/000017.png", "mask_name": "./templates/linemod/test/lamp/mask_000017.png", "obj_id": "14", "bbox_obj": [180, 82, 304, 338], "cam_R_m2c": [[0.973125707929081, -0.23027452435631016, 0.0], [-0.02704144368563031, -0.11427544624643703, -0.9930810051091373], [0.22868125609879303, 0.9663926561277526, -0.11743133011009214]], "cam_t_m2c": [0.0, 0.0, 400.0], "model_path": "./models/obj_000014.ply", "model_info": {"diameter": 282.601, "min_x": -101.573, "min_y": -58.8763, "min_z": -106.558, "size_x": 203.146, "size_y": 117.753, "size_z": 213.116}, "cam_K": [572.4114, 0.0, 325.2611, 0.0, 573.57043, 242.04899, 0.0, 0.0, 1.0], "img_crop": "./templates/linemod_desc/test/lamp/000017.png", "img_desc": "./templates/linemod_desc/test/lamp/000017.npy", "obj_name": "lamp", "uv_crop": "./templates/linemod_desc/test/lamp/000017_uv.npy", "object_name": "lamp"}, {"img_id": "18", "img_name": "./templates/linemod/test/lamp/000018.png", "mask_name": "./templates/linemod/test/lamp/mask_000018.png", "obj_id": "14", "bbox_obj": [169, 81, 307, 352], "cam_R_m2c": [[-0.9226279506346181, -0.3856911519697653, 0.0], [-0.045292247919844215, 0.10834548229718453, -0.9930809980782825], [0.38302255414809705, -0.9162442860711469, -0.11743138956787559]], "cam_t_m2c": [0.0, 0.0, 400.0], "model_path": "./models/obj_000014.ply", "model_info": {"diameter": 282.601, "min_x": -101.573, "min_y": -58.8763, "min_z": -106.558, "size_x": 203.146, "size_y": 117.753, "size_z": 213.116}, "cam_K": [572.4114, 0.0, 325.2611, 0.0, 573.57043, 242.04899, 0.0, 0.0, 1.0], "img_crop": "./templates/linemod_desc/test/lamp/000018.png", "img_desc": "./templates/linemod_desc/test/lamp/000018.npy", "obj_name": "lamp", "uv_crop": "./templates/linemod_desc/test/lamp/000018_uv.npy", "object_name": "lamp"}, {"img_id": "19", "img_name": "./templates/linemod/test/lamp/000019.png", "mask_name": "./templates/linemod/test/lamp/mask_000019.png", "obj_id": "14", "bbox_obj": [174, 80, 309, 349], "cam_R_m2c": [[0.9226279506346182, -0.3856911519697654, 0.0], [-0.04529224791984423, -0.10834548229718455, -0.9930809980782825], [0.38302255414809716, 0.916244286071147, -0.11743138956787559]], "cam_t_m2c": [0.0, 0.0, 400.0], "model_path": "./models/obj_000014.ply", "model_info": {"diameter": 282.601, "min_x": -101.573, "min_y": -58.8763, "min_z": -106.558, "size_x": 203.146, "size_y": 117.753, "size_z": 213.116}, "cam_K": [572.4114, 0.0, 325.2611, 0.0, 573.57043, 242.04899, 0.0, 0.0, 1.0], "img_crop": "./templates/linemod_desc/test/lamp/000019.png", "img_desc": "./templates/linemod_desc/test/lamp/000019.npy", "obj_name": "lamp", "uv_crop": "./templates/linemod_desc/test/lamp/000019_uv.npy", "object_name": "lamp"}, {"img_id": "20", "img_name": "./templates/linemod/test/lamp/000020.png", "mask_name": "./templates/linemod/test/lamp/mask_000020.png", "obj_id": "14", "bbox_obj": [250, 79, 211, 326], "cam_R_m2c": [[0.24104486560983546, 0.9705139735022553, 0.0], [0.135794903868625, -0.03372714380957563, -0.9901627259464775], [-0.9609667615721406, 0.238673641207637, -0.1399206065818788]], "cam_t_m2c": [0.0, 0.0, 400.0], "model_path": "./models/obj_000014.ply", "model_info": {"diameter": 282.601, "min_x": -101.573, "min_y": -58.8763, "min_z": -106.558, "size_x": 203.146, "size_y": 117.753, "size_z": 213.116}, "cam_K": [572.4114, 0.0, 325.2611, 0.0, 573.57043, 242.04899, 0.0, 0.0, 1.0], "img_crop": "./templates/linemod_desc/test/lamp/000020.png", "img_desc": "./templates/linemod_desc/test/lamp/000020.npy", "obj_name": "lamp", "uv_crop": "./templates/linemod_desc/test/lamp/000020_uv.npy", "object_name": "lamp"}, {"img_id": "21", "img_name": "./templates/linemod/test/lamp/000021.png", "mask_name": "./templates/linemod/test/lamp/mask_000021.png", "obj_id": "14", "bbox_obj": [190, 79, 223, 325], "cam_R_m2c": [[-0.24104486560983512, 0.9705139735022554, 0.0], [0.13579490386862503, 0.03372714380957559, -0.9901627259464775], [-0.9609667615721407, -0.23867364120763668, -0.1399206065818788]], "cam_t_m2c": [0.0, 0.0, 400.0], "model_path": "./models/obj_000014.ply", "model_info": {"diameter": 282.601, "min_x": -101.573, "min_y": -58.8763, "min_z": -106.558, "size_x": 203.146, "size_y": 117.753, "size_z": 213.116}, "cam_K": [572.4114, 0.0, 325.2611, 0.0, 573.57043, 242.04899, 0.0, 0.0, 1.0], "img_crop": "./templates/linemod_desc/test/lamp/000021.png", "img_desc": "./templates/linemod_desc/test/lamp/000021.npy", "obj_name": "lamp", "uv_crop": "./templates/linemod_desc/test/lamp/000021_uv.npy", "object_name": "lamp"}, {"img_id": "22", "img_name": "./templates/linemod/test/lamp/000022.png", "mask_name": "./templates/linemod/test/lamp/mask_000022.png", "obj_id": "14", "bbox_obj": [180, 78, 298, 371], "cam_R_m2c": [[-0.7654649725222208, -0.6434775643653443, 0.0], [-0.09003586733411335, 0.10710443771710337, -0.9901627048191105], [0.6371474856224026, -0.7579348676368882, -0.13992075609180696]], "cam_t_m2c": [0.0, 0.0, 400.0], "model_path": "./models/obj_000014.ply", "model_info": {"diameter": 282.601, "min_x": -101.573, "min_y": -58.8763, "min_z": -106.558, "size_x": 203.146, "size_y": 117.753, "size_z": 213.116}, "cam_K": [572.4114, 0.0, 325.2611, 0.0, 573.57043, 242.04899, 0.0, 0.0, 1.0], "img_crop": "./templates/linemod_desc/test/lamp/000022.png", "img_desc": "./templates/linemod_desc/test/lamp/000022.npy", "obj_name": "lamp", "uv_crop": "./templates/linemod_desc/test/lamp/000022_uv.npy", "object_name": "lamp"}, {"img_id": "23", "img_name": "./templates/linemod/test/lamp/000023.png", "mask_name": "./templates/linemod/test/lamp/mask_000023.png", "obj_id": "14", "bbox_obj": [166, 77, 306, 368], "cam_R_m2c": [[0.7654649725222206, -0.6434775643653445, 0.0], [-0.09003586733411338, -0.10710443771710335, -0.9901627048191105], [0.6371474856224029, 0.757934867636888, -0.13992075609180696]], "cam_t_m2c": [0.0, 0.0, 400.0], "model_path": "./models/obj_000014.ply", "model_info": {"diameter": 282.601, "min_x": -101.573, "min_y": -58.8763, "min_z": -106.558, "size_x": 203.146, "size_y": 117.753, "size_z": 213.116}, "cam_K": [572.4114, 0.0, 325.2611, 0.0, 573.57043, 242.04899, 0.0, 0.0, 1.0], "img_crop": "./templates/linemod_desc/test/lamp/000023.png", "img_desc": "./templates/linemod_desc/test/lamp/000023.npy", "obj_name": "lamp", "uv_crop": "./templates/linemod_desc/test/lamp/000023_uv.npy", "object_name": "lamp"}, {"img_id": "24", "img_name": "./templates/linemod/test/lamp/000024.png", "mask_name": "./templates/linemod/test/lamp/mask_000024.png", "obj_id": "14", "bbox_obj": [217, 74, 233, 382], "cam_R_m2c": [[-0.3754374803529669, -0.9268477212283665, 0.0], [-0.1296852629649698, 0.05253150787483434, -0.9901627003932751], [0.9177300425048328, -0.3717441893751409, -0.13992078741165356]], "cam_t_m2c": [0.0, 0.0, 400.0], "model_path": "./models/obj_000014.ply", "model_info": {"diameter": 282.601, "min_x": -101.573, "min_y": -58.8763, "min_z": -106.558, "size_x": 203.146, "size_y": 117.753, "size_z": 213.116}, "cam_K": [572.4114, 0.0, 325.2611, 0.0, 573.57043, 242.04899, 0.0, 0.0, 1.0], "img_crop": "./templates/linemod_desc/test/lamp/000024.png", "img_desc": "./templates/linemod_desc/test/lamp/000024.npy", "obj_name": "lamp", "uv_crop": "./templates/linemod_desc/test/lamp/000024_uv.npy", "object_name": "lamp"}, {"img_id": "25", "img_name": "./templates/linemod/test/lamp/000025.png", "mask_name": "./templates/linemod/test/lamp/mask_000025.png", "obj_id": "14", "bbox_obj": [184, 73, 250, 384], "cam_R_m2c": [[0.3754374803529668, -0.9268477212283663, 0.0], [-0.1296852629649698, -0.052531507874834335, -0.9901627003932751], [0.9177300425048327, 0.3717441893751408, -0.13992078741165356]], "cam_t_m2c": [0.0, 0.0, 400.0], "model_path": "./models/obj_000014.ply", "model_info": {"diameter": 282.601, "min_x": -101.573, "min_y": -58.8763, "min_z": -106.558, "size_x": 203.146, "size_y": 117.753, "size_z": 213.116}, "cam_K": [572.4114, 0.0, 325.2611, 0.0, 573.57043, 242.04899, 0.0, 0.0, 1.0], "img_crop": "./templates/linemod_desc/test/lamp/000025.png", "img_desc": "./templates/linemod_desc/test/lamp/000025.npy", "obj_name": "lamp", "uv_crop": "./templates/linemod_desc/test/lamp/000025_uv.npy", "object_name": "lamp"}, {"img_id": "26", "img_name": "./templates/linemod/test/lamp/000026.png", "mask_name": "./templates/linemod/test/lamp/mask_000026.png", "obj_id": "14", "bbox_obj": [188, 86, 295, 326], "cam_R_m2c": [[0.8485239186188329, 0.5291570272912761, 0.0], [0.07404024013418946, -0.1187264109781153, -0.9901626544043798], [-0.5239515267394608, 0.8401766955852296, -0.13992111285604034]], "cam_t_m2c": [0.0, 0.0, 400.0], "model_path": "./models/obj_000014.ply", "model_info": {"diameter": 282.601, "min_x": -101.573, "min_y": -58.8763, "min_z": -106.558, "size_x": 203.146, "size_y": 117.753, "size_z": 213.116}, "cam_K": [572.4114, 0.0, 325.2611, 0.0, 573.57043, 242.04899, 0.0, 0.0, 1.0], "img_crop": "./templates/linemod_desc/test/lamp/000026.png", "img_desc": "./templates/linemod_desc/test/lamp/000026.npy", "obj_name": "lamp", "uv_crop": "./templates/linemod_desc/test/lamp/000026_uv.npy", "object_name": "lamp"}, {"img_id": "27", "img_name": "./templates/linemod/test/lamp/000027.png", "mask_name": "./templates/linemod/test/lamp/mask_000027.png", "obj_id": "14", "bbox_obj": [168, 86, 308, 327], "cam_R_m2c": [[-0.8485239186188327, 0.5291570272912763, 0.0], [0.07404024013418949, 0.11872641097811527, -0.9901626544043798], [-0.523951526739461, -0.8401766955852293, -0.13992111285604034]], "cam_t_m2c": [0.0, 0.0, 400.0], "model_path": "./models/obj_000014.ply", "model_info": {"diameter": 282.601, "min_x": -101.573, "min_y": -58.8763, "min_z": -106.558, "size_x": 203.146, "size_y": 117.753, "size_z": 213.116}, "cam_K": [572.4114, 0.0, 325.2611, 0.0, 573.57043, 242.04899, 0.0, 0.0, 1.0], "img_crop": "./templates/linemod_desc/test/lamp/000027.png", "img_desc": "./templates/linemod_desc/test/lamp/000027.npy", "obj_name": "lamp", "uv_crop": "./templates/linemod_desc/test/lamp/000027_uv.npy", "object_name": "lamp"}, {"img_id": "28", "img_name": "./templates/linemod/test/lamp/000028.png", "mask_name": "./templates/linemod/test/lamp/mask_000028.png", "obj_id": "14", "bbox_obj": [173, 86, 309, 326], "cam_R_m2c": [[0.9975007637619621, 0.0706556883364838, 0.0], [0.009886231891207187, -0.13957154893521767, -0.9901626357052751], [-0.06996062259082325, 0.9876879853645693, -0.13992124518164703]], "cam_t_m2c": [0.0, 0.0, 400.0], "model_path": "./models/obj_000014.ply", "model_info": {"diameter": 282.601, "min_x": -101.573, "min_y": -58.8763, "min_z": -106.558, "size_x": 203.146, "size_y": 117.753, "size_z": 213.116}, "cam_K": [572.4114, 0.0, 325.2611, 0.0, 573.57043, 242.04899, 0.0, 0.0, 1.0], "img_crop": "./templates/linemod_desc/test/lamp/000028.png", "img_desc": "./templates/linemod_desc/test/lamp/000028.npy", "obj_name": "lamp", "uv_crop": "./templates/linemod_desc/test/lamp/000028_uv.npy", "object_name": "lamp"}, {"img_id": "29", "img_name": "./templates/linemod/test/lamp/000029.png", "mask_name": "./templates/linemod/test/lamp/mask_000029.png", "obj_id": "14", "bbox_obj": [170, 86, 314, 328], "cam_R_m2c": [[-0.9975007637619621, 0.07065568833648425, 0.0], [0.009886231891207251, 0.13957154893521767, -0.9901626357052751], [-0.06996062259082371, -0.9876879853645693, -0.13992124518164703]], "cam_t_m2c": [0.0, 0.0, 400.0], "model_path": "./models/obj_000014.ply", "model_info": {"diameter": 282.601, "min_x": -101.573, "min_y": -58.8763, "min_z": -106.558, "size_x": 203.146, "size_y": 117.753, "size_z": 213.116}, "cam_K": [572.4114, 0.0, 325.2611, 0.0, 573.57043, 242.04899, 0.0, 0.0, 1.0], "img_crop": "./templates/linemod_desc/test/lamp/000029.png", "img_desc": "./templates/linemod_desc/test/lamp/000029.npy", "obj_name": "lamp", "uv_crop": "./templates/linemod_desc/test/lamp/000029_uv.npy", "object_name": "lamp"}, {"img_id": "30", "img_name": "./templates/linemod/test/lamp/000030.png", "mask_name": "./templates/linemod/test/lamp/mask_000030.png", "obj_id": "14", "bbox_obj": [231, 79, 212, 325], "cam_R_m2c": [[0.08314197395567192, 0.9965377123655453, 0.0], [0.13957368038738815, -0.011644748769335906, -0.9901432156861038], [-0.9867150550740946, 0.08232246145095928, -0.14005860355858804]], "cam_t_m2c": [0.0, 0.0, 400.0], "model_path": "./models/obj_000014.ply", "model_info": {"diameter": 282.601, "min_x": -101.573, "min_y": -58.8763, "min_z": -106.558, "size_x": 203.146, "size_y": 117.753, "size_z": 213.116}, "cam_K": [572.4114, 0.0, 325.2611, 0.0, 573.57043, 242.04899, 0.0, 0.0, 1.0], "img_crop": "./templates/linemod_desc/test/lamp/000030.png", "img_desc": "./templates/linemod_desc/test/lamp/000030.npy", "obj_name": "lamp", "uv_crop": "./templates/linemod_desc/test/lamp/000030_uv.npy", "object_name": "lamp"}, {"img_id": "31", "img_name": "./templates/linemod/test/lamp/000031.png", "mask_name": "./templates/linemod/test/lamp/mask_000031.png", "obj_id": "14", "bbox_obj": [208, 79, 213, 323], "cam_R_m2c": [[-0.0831419739556718, 0.9965377123655453, 0.0], [0.13957368038738815, 0.011644748769335888, -0.9901432156861038], [-0.9867150550740946, -0.08232246145095916, -0.14005860355858804]], "cam_t_m2c": [0.0, 0.0, 400.0], "model_path": "./models/obj_000014.ply", "model_info": {"diameter": 282.601, "min_x": -101.573, "min_y": -58.8763, "min_z": -106.558, "size_x": 203.146, "size_y": 117.753, "size_z": 213.116}, "cam_K": [572.4114, 0.0, 325.2611, 0.0, 573.57043, 242.04899, 0.0, 0.0, 1.0], "img_crop": "./templates/linemod_desc/test/lamp/000031.png", "img_desc": "./templates/linemod_desc/test/lamp/000031.npy", "obj_name": "lamp", "uv_crop": "./templates/linemod_desc/test/lamp/000031_uv.npy", "object_name": "lamp"}, {"img_id": "32", "img_name": "./templates/linemod/test/lamp/000032.png", "mask_name": "./templates/linemod/test/lamp/mask_000032.png", "obj_id": "14", "bbox_obj": [190, 76, 284, 377], "cam_R_m2c": [[-0.6530130128122498, -0.7573466875202324, 0.0], [-0.10607303252791357, 0.09146018816822798, -0.9901431945686263], [0.74988166857725, -0.6465763906008043, -0.14005875284835104]], "cam_t_m2c": [0.0, 0.0, 400.0], "model_path": "./models/obj_000014.ply", "model_info": {"diameter": 282.601, "min_x": -101.573, "min_y": -58.8763, "min_z": -106.558, "size_x": 203.146, "size_y": 117.753, "size_z": 213.116}, "cam_K": [572.4114, 0.0, 325.2611, 0.0, 573.57043, 242.04899, 0.0, 0.0, 1.0], "img_crop": "./templates/linemod_desc/test/lamp/000032.png", "img_desc": "./templates/linemod_desc/test/lamp/000032.npy", "obj_name": "lamp", "uv_crop": "./templates/linemod_desc/test/lamp/000032_uv.npy", "object_name": "lamp"}, {"img_id": "33", "img_name": "./templates/linemod/test/lamp/000033.png", "mask_name": "./templates/linemod/test/lamp/mask_000033.png", "obj_id": "14", "bbox_obj": [168, 76, 294, 375], "cam_R_m2c": [[0.6530130128122494, -0.7573466875202327, 0.0], [-0.10607303252791361, -0.09146018816822793, -0.9901431945686263], [0.7498816685772504, 0.646576390600804, -0.14005875284835104]], "cam_t_m2c": [0.0, 0.0, 400.0], "model_path": "./models/obj_000014.ply", "model_info": {"diameter": 282.601, "min_x": -101.573, "min_y": -58.8763, "min_z": -106.558, "size_x": 203.146, "size_y": 117.753, "size_z": 213.116}, "cam_K": [572.4114, 0.0, 325.2611, 0.0, 573.57043, 242.04899, 0.0, 0.0, 1.0], "img_crop": "./templates/linemod_desc/test/lamp/000033.png", "img_desc": "./templates/linemod_desc/test/lamp/000033.npy", "obj_name": "lamp", "uv_crop": "./templates/linemod_desc/test/lamp/000033_uv.npy", "object_name": "lamp"}, {"img_id": "34", "img_name": "./templates/linemod/test/lamp/000034.png", "mask_name": "./templates/linemod/test/lamp/mask_000034.png", "obj_id": "14", "bbox_obj": [203, 75, 261, 381], "cam_R_m2c": [[-0.5184833848924209, -0.8550877028647399, 0.0], [-0.11976254845481656, 0.07261815518824996, -0.9901431894047764], [0.8466592653352973, -0.5133727923707658, -0.14005878935410315]], "cam_t_m2c": [0.0, 0.0, 400.0], "model_path": "./models/obj_000014.ply", "model_info": {"diameter": 282.601, "min_x": -101.573, "min_y": -58.8763, "min_z": -106.558, "size_x": 203.146, "size_y": 117.753, "size_z": 213.116}, "cam_K": [572.4114, 0.0, 325.2611, 0.0, 573.57043, 242.04899, 0.0, 0.0, 1.0], "img_crop": "./templates/linemod_desc/test/lamp/000034.png", "img_desc": "./templates/linemod_desc/test/lamp/000034.npy", "obj_name": "lamp", "uv_crop": "./templates/linemod_desc/test/lamp/000034_uv.npy", "object_name": "lamp"}, {"img_id": "35", "img_name": "./templates/linemod/test/lamp/000035.png", "mask_name": "./templates/linemod/test/lamp/mask_000035.png", "obj_id": "14", "bbox_obj": [173, 74, 276, 382], "cam_R_m2c": [[0.5184833848924205, -0.8550877028647401, 0.0], [-0.11976254845481658, -0.07261815518824992, -0.9901431894047764], [0.8466592653352976, 0.5133727923707655, -0.14005878935410315]], "cam_t_m2c": [0.0, 0.0, 400.0], "model_path": "./models/obj_000014.ply", "model_info": {"diameter": 282.601, "min_x": -101.573, "min_y": -58.8763, "min_z": -106.558, "size_x": 203.146, "size_y": 117.753, "size_z": 213.116}, "cam_K": [572.4114, 0.0, 325.2611, 0.0, 573.57043, 242.04899, 0.0, 0.0, 1.0], "img_crop": "./templates/linemod_desc/test/lamp/000035.png", "img_desc": "./templates/linemod_desc/test/lamp/000035.npy", "obj_name": "lamp", "uv_crop": "./templates/linemod_desc/test/lamp/000035_uv.npy", "object_name": "lamp"}, {"img_id": "36", "img_name": "./templates/linemod/test/lamp/000036.png", "mask_name": "./templates/linemod/test/lamp/mask_000036.png", "obj_id": "14", "bbox_obj": [179, 88, 301, 325], "cam_R_m2c": [[0.9220703449138677, 0.38702232368485007, 0.0], [0.054206014899052066, -0.12914438210823992, -0.9901431394089668], [-0.3832074985946708, 0.9129816260689259, -0.14005914279815987]], "cam_t_m2c": [0.0, 0.0, 400.0], "model_path": "./models/obj_000014.ply", "model_info": {"diameter": 282.601, "min_x": -101.573, "min_y": -58.8763, "min_z": -106.558, "size_x": 203.146, "size_y": 117.753, "size_z": 213.116}, "cam_K": [572.4114, 0.0, 325.2611, 0.0, 573.57043, 242.04899, 0.0, 0.0, 1.0], "img_crop": "./templates/linemod_desc/test/lamp/000036.png", "img_desc": "./templates/linemod_desc/test/lamp/000036.npy", "obj_name": "lamp", "uv_crop": "./templates/linemod_desc/test/lamp/000036_uv.npy", "object_name": "lamp"}, {"img_id": "37", "img_name": "./templates/linemod/test/lamp/000037.png", "mask_name": "./templates/linemod/test/lamp/mask_000037.png", "obj_id": "14", "bbox_obj": [172, 88, 310, 326], "cam_R_m2c": [[-0.9220703449138677, 0.3870223236848502, 0.0], [0.05420601489905208, 0.12914438210823992, -0.9901431394089668], [-0.3832074985946709, -0.9129816260689259, -0.14005914279815987]], "cam_t_m2c": [0.0, 0.0, 400.0], "model_path": "./models/obj_000014.ply", "model_info": {"diameter": 282.601, "min_x": -101.573, "min_y": -58.8763, "min_z": -106.558, "size_x": 203.146, "size_y": 117.753, "size_z": 213.116}, "cam_K": [572.4114, 0.0, 325.2611, 0.0, 573.57043, 242.04899, 0.0, 0.0, 1.0], "img_crop": "./templates/linemod_desc/test/lamp/000037.png", "img_desc": "./templates/linemod_desc/test/lamp/000037.npy", "obj_name": "lamp", "uv_crop": "./templates/linemod_desc/test/lamp/000037_uv.npy", "object_name": "lamp"}, {"img_id": "38", "img_name": "./templates/linemod/test/lamp/000038.png", "mask_name": "./templates/linemod/test/lamp/mask_000038.png", "obj_id": "14", "bbox_obj": [174, 88, 304, 324], "cam_R_m2c": [[0.9734559370945879, 0.2288745038996211, 0.0], [0.03205598453775922, -0.13634147943966632, -0.9901431284614957], [-0.22661851731624363, 0.9638607069742522, -0.14005922019089645]], "cam_t_m2c": [0.0, 0.0, 400.0], "model_path": "./models/obj_000014.ply", "model_info": {"diameter": 282.601, "min_x": -101.573, "min_y": -58.8763, "min_z": -106.558, "size_x": 203.146, "size_y": 117.753, "size_z": 213.116}, "cam_K": [572.4114, 0.0, 325.2611, 0.0, 573.57043, 242.04899, 0.0, 0.0, 1.0], "img_crop": "./templates/linemod_desc/test/lamp/000038.png", "img_desc": "./templates/linemod_desc/test/lamp/000038.npy", "obj_name": "lamp", "uv_crop": "./templates/linemod_desc/test/lamp/000038_uv.npy", "object_name": "lamp"}, {"img_id": "39", "img_name": "./templates/linemod/test/lamp/000039.png", "mask_name": "./templates/linemod/test/lamp/mask_000039.png", "obj_id": "14", "bbox_obj": [173, 88, 312, 326], "cam_R_m2c": [[-0.973455937094588, 0.22887450389962113, 0.0], [0.03205598453775922, 0.13634147943966635, -0.9901431284614957], [-0.22661851731624366, -0.9638607069742523, -0.14005922019089645]], "cam_t_m2c": [0.0, 0.0, 400.0], "model_path": "./models/obj_000014.ply", "model_info": {"diameter": 282.601, "min_x": -101.573, "min_y": -58.8763, "min_z": -106.558, "size_x": 203.146, "size_y": 117.753, "size_z": 213.116}, "cam_K": [572.4114, 0.0, 325.2611, 0.0, 573.57043, 242.04899, 0.0, 0.0, 1.0], "img_crop": "./templates/linemod_desc/test/lamp/000039.png", "img_desc": "./templates/linemod_desc/test/lamp/000039.npy", "obj_name": "lamp", "uv_crop": "./templates/linemod_desc/test/lamp/000039_uv.npy", "object_name": "lamp"}, {"img_id": "40", "img_name": "./templates/linemod/test/lamp/000040.png", "mask_name": "./templates/linemod/test/lamp/mask_000040.png", "obj_id": "14", "bbox_obj": [238, 81, 183, 378], "cam_R_m2c": [[-0.16514351859456786, -0.9862695464558386, 0.0], [-0.22926371346405675, 0.03838850795258376, -0.9726070491960488], [0.9592527132903386, -0.16061975031411546, -0.23245543197386181]], "cam_t_m2c": [0.0, 0.0, 400.0], "model_path": "./models/obj_000014.ply", "model_info": {"diameter": 282.601, "min_x": -101.573, "min_y": -58.8763, "min_z": -106.558, "size_x": 203.146, "size_y": 117.753, "size_z": 213.116}, "cam_K": [572.4114, 0.0, 325.2611, 0.0, 573.57043, 242.04899, 0.0, 0.0, 1.0], "img_crop": "./templates/linemod_desc/test/lamp/000040.png", "img_desc": "./templates/linemod_desc/test/lamp/000040.npy", "obj_name": "lamp", "uv_crop": "./templates/linemod_desc/test/lamp/000040_uv.npy", "object_name": "lamp"}, {"img_id": "41", "img_name": "./templates/linemod/test/lamp/000041.png", "mask_name": "./templates/linemod/test/lamp/mask_000041.png", "obj_id": "14", "bbox_obj": [210, 81, 204, 381], "cam_R_m2c": [[0.16514351859456772, -0.9862695464558386, 0.0], [-0.22926371346405675, -0.038388507952583716, -0.9726070491960488], [0.9592527132903386, 0.16061975031411532, -0.23245543197386181]], "cam_t_m2c": [0.0, 0.0, 400.0], "model_path": "./models/obj_000014.ply", "model_info": {"diameter": 282.601, "min_x": -101.573, "min_y": -58.8763, "min_z": -106.558, "size_x": 203.146, "size_y": 117.753, "size_z": 213.116}, "cam_K": [572.4114, 0.0, 325.2611, 0.0, 573.57043, 242.04899, 0.0, 0.0, 1.0], "img_crop": "./templates/linemod_desc/test/lamp/000041.png", "img_desc": "./templates/linemod_desc/test/lamp/000041.npy", "obj_name": "lamp", "uv_crop": "./templates/linemod_desc/test/lamp/000041_uv.npy", "object_name": "lamp"}, {"img_id": "42", "img_name": "./templates/linemod/test/lamp/000042.png", "mask_name": "./templates/linemod/test/lamp/mask_000042.png", "obj_id": "14", "bbox_obj": [233, 87, 245, 318], "cam_R_m2c": [[0.44610392372949714, 0.894981166971209, 0.0], [0.20804521162248218, -0.1037002661542134, -0.9726065210147945], [-0.8704645191816285, 0.4338835852695955, -0.232457641903849]], "cam_t_m2c": [0.0, 0.0, 400.0], "model_path": "./models/obj_000014.ply", "model_info": {"diameter": 282.601, "min_x": -101.573, "min_y": -58.8763, "min_z": -106.558, "size_x": 203.146, "size_y": 117.753, "size_z": 213.116}, "cam_K": [572.4114, 0.0, 325.2611, 0.0, 573.57043, 242.04899, 0.0, 0.0, 1.0], "img_crop": "./templates/linemod_desc/test/lamp/000042.png", "img_desc": "./templates/linemod_desc/test/lamp/000042.npy", "obj_name": "lamp", "uv_crop": "./templates/linemod_desc/test/lamp/000042_uv.npy", "object_name": "lamp"}, {"img_id": "43", "img_name": "./templates/linemod/test/lamp/000043.png", "mask_name": "./templates/linemod/test/lamp/mask_000043.png", "obj_id": "14", "bbox_obj": [172, 87, 261, 318], "cam_R_m2c": [[-0.44610392372949703, 0.894981166971209, 0.0], [0.20804521162248218, 0.10370026615421338, -0.9726065210147945], [-0.8704645191816285, -0.43388358526959536, -0.232457641903849]], "cam_t_m2c": [0.0, 0.0, 400.0], "model_path": "./models/obj_000014.ply", "model_info": {"diameter": 282.601, "min_x": -101.573, "min_y": -58.8763, "min_z": -106.558, "size_x": 203.146, "size_y": 117.753, "size_z": 213.116}, "cam_K": [572.4114, 0.0, 325.2611, 0.0, 573.57043, 242.04899, 0.0, 0.0, 1.0], "img_crop": "./templates/linemod_desc/test/lamp/000043.png", "img_desc": "./templates/linemod_desc/test/lamp/000043.npy", "obj_name": "lamp", "uv_crop": "./templates/linemod_desc/test/lamp/000043_uv.npy", "object_name": "lamp"}, {