{
 "cells": [
  {
   "cell_type": "code",
   "execution_count": 15,
   "metadata": {},
   "outputs": [],
   "source": [
    "import os\n",
    "import json\n",
    "import numpy as np\n",
    "\n",
    "for filename in os.listdir(\".\"):\n",
    "    if filename.endswith(\"json\") and filename != \"linemod_template_gt.json\":\n",
    "        with open(filename,\"r\") as f:\n",
    "            gt_template = json.load(f)\n",
    "            \n",
    "        \n",
    "        for key in gt_template.keys():\n",
    "            for obj_id in range(len(gt_template[key])):\n",
    "                tmp_R = np.array(gt_template[key][obj_id][\"cam_R_m2c\"]).reshape(3,3)*1000\n",
    "                gt_template[key][obj_id][\"cam_R_m2c\"] = tmp_R.tolist()\n",
    "        \n",
    "        \n",
    "        \n",
    "        with open(filename,\"w\") as f:\n",
    "             json.dump(gt_template, f)"
   ]
  },
  {
   "cell_type": "code",
   "execution_count": 16,
   "metadata": {},
   "outputs": [
    {
     "name": "stdout",
     "output_type": "stream",
     "text": [
      "[[-1.  0.  0.]\n",
      " [ 0. -1.  0.]\n",
      " [ 0.  0.  1.]]\n",
      "[[ 0.95105806 -0.30901225  0.        ]\n",
      " [ 0.30605782  0.9419651  -0.13795056]\n",
      " [ 0.04262841  0.13119899  0.99043912]]\n",
      "[[-0.95105806 -0.30901225 -0.        ]\n",
      " [ 0.30605782 -0.9419651  -0.13795056]\n",
      " [ 0.04262841 -0.13119899  0.99043912]]\n",
      "[[-0.58778075  0.80902026  0.        ]\n",
      " [-0.8012853  -0.58216104 -0.13795065]\n",
      " [-0.11160487 -0.08108473  0.9904391 ]]\n",
      "[[ 0.58778075  0.80902026  0.        ]\n",
      " [-0.8012853   0.58216104 -0.13795065]\n",
      " [-0.11160487  0.08108473  0.9904391 ]]\n",
      "[[ 0.         -1.          0.        ]\n",
      " [ 0.99043894  0.         -0.13795184]\n",
      " [ 0.13795184  0.          0.99043894]]\n",
      "[[-0.95105481  0.30902224  0.        ]\n",
      " [-0.30117094 -0.92689146 -0.22398279]\n",
      " [-0.06921566 -0.21301991  0.9745931 ]]\n",
      "[[ 0.95105481  0.30902224  0.        ]\n",
      " [-0.30117094  0.92689146 -0.22398279]\n",
      " [-0.06921566  0.21301991  0.9745931 ]]\n",
      "[[ 0.58778458 -0.80901748  0.        ]\n",
      " [ 0.78846274  0.57285071 -0.2239834 ]\n",
      " [ 0.18120649  0.13165399  0.97459296]]\n",
      "[[-0.58778458 -0.80901748 -0.        ]\n",
      " [ 0.78846274 -0.57285071 -0.2239834 ]\n",
      " [ 0.18120649 -0.13165399  0.97459296]]\n",
      "[[ 0.          1.          0.        ]\n",
      " [-0.97459288  0.         -0.22398375]\n",
      " [-0.22398375  0.          0.97459288]]\n",
      "[[ 0.95105806 -0.30901225  0.        ]\n",
      " [ 0.29725102  0.91486011 -0.27326325]\n",
      " [ 0.08444169  0.25988922  0.96193929]]\n",
      "[[-0.95105806 -0.30901225 -0.        ]\n",
      " [ 0.29725102 -0.91486011 -0.27326325]\n",
      " [ 0.08444169 -0.25988922  0.96193929]]\n",
      "[[-0.58778076  0.80902026  0.        ]\n",
      " [-0.77822833 -0.56540938 -0.27326344]\n",
      " [-0.22107566 -0.16061899  0.96193924]]\n",
      "[[ 0.58778076  0.80902026  0.        ]\n",
      " [-0.77822833  0.56540938 -0.27326344]\n",
      " [-0.22107566  0.16061899  0.96193924]]\n",
      "[[ 0.         -1.          0.        ]\n",
      " [ 0.96193858  0.         -0.27326575]\n",
      " [ 0.27326575  0.          0.96193858]]\n",
      "[[ 0.99693682  0.07821106  0.        ]\n",
      " [-0.07334528  0.93491399 -0.34721219]\n",
      " [-0.02715583  0.34614862  0.93778659]]\n",
      "[[-0.99693682  0.0782111   0.        ]\n",
      " [-0.07334532 -0.93491398 -0.34721219]\n",
      " [-0.02715585 -0.34614862  0.93778659]]\n",
      "[[ 0.85250445  0.52271997  0.        ]\n",
      " [-0.49019977  0.79946722 -0.34721226]\n",
      " [-0.18149478  0.296       0.93778657]]\n",
      "[[-0.85250441  0.52272003  0.        ]\n",
      " [-0.49019982 -0.79946718 -0.34721228]\n",
      " [-0.18149481 -0.296       0.93778656]]\n",
      "[[ 0.76057158 -0.64925408  0.        ]\n",
      " [ 0.60886168  0.71325372 -0.34721261]\n",
      " [ 0.2254292   0.26408004  0.93778644]]\n",
      "[[-0.76057158 -0.64925408 -0.        ]\n",
      " [ 0.60886168 -0.71325372 -0.34721261]\n",
      " [ 0.2254292  -0.26408004  0.93778644]]\n",
      "[[-0.23368999  0.97231116  0.        ]\n",
      " [-0.91181994 -0.21915124 -0.34721339]\n",
      " [-0.33759945 -0.08114029  0.93778615]]\n",
      "[[ 0.23368999  0.97231116  0.        ]\n",
      " [-0.91181994  0.21915124 -0.34721339]\n",
      " [-0.33759945  0.08114029  0.93778615]]\n",
      "[[ 0.38244748 -0.92397723  0.        ]\n",
      " [ 0.86649283  0.35865386 -0.34721403]\n",
      " [ 0.32081785  0.13279113  0.93778591]]\n",
      "[[-0.38244748 -0.92397723 -0.        ]\n",
      " [ 0.86649283 -0.35865386 -0.34721403]\n",
      " [ 0.32081785 -0.13279113  0.93778591]]\n",
      "[[ 0.95105806 -0.30901225  0.        ]\n",
      " [ 0.28276027  0.87026139 -0.40335065]\n",
      " [ 0.12464029  0.38360989  0.91504549]]\n",
      "[[-0.95105806 -0.30901225 -0.        ]\n",
      " [ 0.28276027 -0.87026139 -0.40335065]\n",
      " [ 0.12464029 -0.38360989  0.91504549]]\n",
      "[[-0.5877808   0.80902023  0.        ]\n",
      " [-0.74029022 -0.53784611 -0.4033509 ]\n",
      " [-0.32631904 -0.23708192  0.91504538]]\n",
      "[[ 0.5877808   0.80902023  0.        ]\n",
      " [-0.74029022  0.53784611 -0.4033509 ]\n",
      " [-0.32631904  0.23708192  0.91504538]]\n",
      "[[ 0.         -1.          0.        ]\n",
      " [ 0.9150439   0.         -0.40335426]\n",
      " [ 0.40335426  0.          0.9150439 ]]\n",
      "[[ 0.95105483  0.30902219  0.        ]\n",
      " [-0.27639868  0.85065186 -0.44720821]\n",
      " [-0.13819726  0.42531953  0.89442988]]\n",
      "[[-0.95105481  0.30902225  0.        ]\n",
      " [-0.27639873 -0.85065184 -0.44720822]\n",
      " [-0.13819729 -0.42531953  0.89442988]]\n",
      "[[ 0.58778472 -0.80901738  0.        ]\n",
      " [ 0.72360877  0.52573182 -0.44720957]\n",
      " [ 0.36180031  0.26286295  0.89442921]]\n",
      "[[-0.58778472 -0.80901738 -0.        ]\n",
      " [ 0.72360877 -0.52573182 -0.44720957]\n",
      " [ 0.36180031 -0.26286295  0.89442921]]\n",
      "[[ 0.          1.          0.        ]\n",
      " [-0.89442904  0.         -0.4472099 ]\n",
      " [-0.4472099   0.          0.89442904]]\n",
      "[[-0.99965653 -0.02620725 -0.        ]\n",
      " [ 0.02315196 -0.88311483 -0.46858529]\n",
      " [ 0.01228033 -0.46842435  0.88341826]]\n",
      "[[ 0.99965653 -0.02620728  0.        ]\n",
      " [ 0.02315199  0.88311483 -0.46858529]\n",
      " [ 0.01228035  0.46842435  0.88341826]]\n",
      "[[-0.79332827  0.6087941   0.        ]\n",
      " [-0.53781976 -0.70084059 -0.46858551]\n",
      " [-0.28527209 -0.37174213  0.88341815]]\n",
      "[[ 0.79332827  0.6087941   0.        ]\n",
      " [-0.53781976  0.70084059 -0.46858551]\n",
      " [-0.28527209  0.37174213  0.88341815]]\n",
      "[[ 0.8241474  -0.56637537  0.        ]\n",
      " [ 0.50034624  0.72806671 -0.46858565]\n",
      " [ 0.26539537  0.38618364  0.88341807]]\n",
      "[[-0.8241474  -0.56637537 -0.        ]\n",
      " [ 0.50034624 -0.72806671 -0.46858565]\n",
      " [ 0.26539537 -0.38618364  0.88341807]]\n",
      "[[-0.33383699  0.94263082  0.        ]\n",
      " [-0.8327366  -0.29491745 -0.46858664]\n",
      " [-0.44170421 -0.15643156  0.88341754]]\n",
      "[[ 0.33383699  0.94263082  0.        ]\n",
      " [-0.8327366   0.29491745 -0.46858664]\n",
      " [-0.44170421  0.15643156  0.88341754]]\n",
      "[[ 0.28398014 -0.95883016  0.        ]\n",
      " [ 0.84704654  0.25087278 -0.4685883 ]\n",
      " [ 0.4492966   0.13306977  0.88341666]]\n",
      "[[-0.28398014 -0.95883016 -0.        ]\n",
      " [ 0.84704654 -0.25087278 -0.4685883 ]\n",
      " [ 0.4492966  -0.13306977  0.88341666]]\n",
      "[[ 0.95105805 -0.30901226  0.        ]\n",
      " [ 0.26286265  0.80902173 -0.52572528]\n",
      " [ 0.16245556  0.49999526  0.85065442]]\n",
      "[[-0.95105805 -0.30901226 -0.        ]\n",
      " [ 0.26286265 -0.80902173 -0.52572528]\n",
      " [ 0.16245556 -0.49999526  0.85065442]]\n",
      "[[-0.58778075  0.80902027  0.        ]\n",
      " [-0.68819648 -0.49999816 -0.52572563]\n",
      " [-0.42532269 -0.3090114   0.8506542 ]]\n",
      "[[ 0.58778075  0.80902027  0.        ]\n",
      " [-0.68819648  0.49999816 -0.52572563]\n",
      " [-0.42532269  0.3090114   0.8506542 ]]\n",
      "[[ 0.         -1.          0.        ]\n",
      " [ 0.85065163  0.         -0.52572978]\n",
      " [ 0.52572978  0.          0.85065163]]\n",
      "[[ 0.98560735  0.16905071  0.        ]\n",
      " [-0.1386069   0.80811242 -0.57248794]\n",
      " [-0.09677949  0.56424832  0.81991314]]\n",
      "[[-0.98560735  0.16905074  0.        ]\n",
      " [-0.13860692 -0.80811242 -0.57248794]\n",
      " [-0.09677951 -0.56424832  0.81991314]]\n",
      "[[-0.89673373  0.44257047  0.        ]\n",
      " [-0.36286932 -0.73524372 -0.57248802]\n",
      " [-0.25336629 -0.51336932  0.81991308]]\n",
      "[[ 0.89673373  0.44257047  0.        ]\n",
      " [-0.36286932  0.73524372 -0.57248802]\n",
      " [-0.25336629  0.51336932  0.81991308]]\n",
      "[[ 0.69801137 -0.71608667  0.        ]\n",
      " [ 0.5871285   0.57230834 -0.57248868]\n",
      " [ 0.40995151  0.39960361  0.81991262]]\n",
      "[[-0.69801137 -0.71608667 -0.        ]\n",
      " [ 0.5871285  -0.57230834 -0.57248868]\n",
      " [ 0.40995151 -0.39960361  0.81991262]]\n",
      "[[-0.14379655  0.98960727  0.        ]\n",
      " [-0.81139094 -0.11790053 -0.57248948]\n",
      " [-0.56653976 -0.08232202  0.81991206]]\n",
      "[[ 0.14379655  0.98960727  0.        ]\n",
      " [-0.81139094  0.11790053 -0.57248948]\n",
      " [-0.56653976  0.08232202  0.81991206]]\n",
      "[[ 0.46533997 -0.88513203  0.        ]\n",
      " [ 0.72573009  0.38153768 -0.57249003]\n",
      " [ 0.50672926  0.26640249  0.81991168]]\n",
      "[[-0.46533997 -0.88513203 -0.        ]\n",
      " [ 0.72573009 -0.38153768 -0.57249003]\n",
      " [ 0.50672926 -0.26640249  0.81991168]]\n",
      "[[-0.99576768 -0.09190612 -0.        ]\n",
      " [ 0.0732441  -0.79357183 -0.60405219]\n",
      " [ 0.05551609 -0.60149564  0.79694476]]\n",
      "[[ 0.99576768 -0.09190613  0.        ]\n",
      " [ 0.07324411  0.79357183 -0.60405219]\n",
      " [ 0.0555161   0.60149564  0.79694476]]\n",
      "[[ 0.8596179  -0.51093743  0.        ]\n",
      " [ 0.4071889   0.68506797 -0.60405221]\n",
      " [ 0.30863288  0.51925409  0.79694475]]\n",
      "[[-0.8596179  -0.51093743 -0.        ]\n",
      " [ 0.4071889  -0.68506797 -0.60405221]\n",
      " [ 0.30863288 -0.51925409  0.79694475]]\n",
      "[[-0.75156473  0.65965934  0.        ]\n",
      " [-0.52571192 -0.59895542 -0.60405246]\n",
      " [-0.39846885 -0.45398453  0.79694456]]\n",
      "[[ 0.75156473  0.65965934  0.        ]\n",
      " [-0.52571192  0.59895542 -0.60405246]\n",
      " [-0.39846885  0.45398453  0.79694456]]\n",
      "[[-0.39511837  0.91863022  0.        ]\n",
      " [-0.73209681 -0.3148872  -0.60405323]\n",
      " [-0.55490155 -0.23867253  0.79694397]]\n",
      "[[ 0.39511837  0.91863022  0.        ]\n",
      " [-0.73209681  0.3148872  -0.60405323]\n",
      " [-0.55490155  0.23867253  0.79694397]]\n",
      "[[ 0.22029447 -0.97543342  0.        ]\n",
      " [ 0.77736386  0.17556192 -0.60405583]\n",
      " [ 0.58921624  0.13307016  0.796942  ]]\n",
      "[[-0.22029447 -0.97543342 -0.        ]\n",
      " [ 0.77736386 -0.17556192 -0.60405583]\n",
      " [ 0.58921624 -0.13307016  0.796942  ]]\n",
      "[[ 0.95105806 -0.30901225  0.        ]\n",
      " [ 0.23793827  0.73231111 -0.63804845]\n",
      " [ 0.19716479  0.60682112  0.76999622]]\n",
      "[[-0.95105806 -0.30901225 -0.        ]\n",
      " [ 0.23793827 -0.73231111 -0.63804845]\n",
      " [ 0.19716479 -0.60682112  0.76999622]]\n",
      "[[-0.58778075  0.80902027  0.        ]\n",
      " [-0.62294236 -0.45258882 -0.63804872]\n",
      " [-0.51619435 -0.37503276  0.76999599]]\n",
      "[[ 0.58778075  0.80902027  0.        ]\n",
      " [-0.62294236  0.45258882 -0.63804872]\n",
      " [-0.51619435  0.37503276  0.76999599]]\n",
      "[[ 0.         -1.          0.        ]\n",
      " [ 0.76999294  0.         -0.6380524 ]\n",
      " [ 0.6380524   0.          0.76999294]]\n",
      "[[-0.9510548   0.30902228  0.        ]\n",
      " [-0.22662273 -0.69745987 -0.67984694]\n",
      " [-0.21008785 -0.6465717   0.73335403]]\n",
      "[[ 0.95105479  0.3090223   0.        ]\n",
      " [-0.22662275  0.69745987 -0.67984694]\n",
      " [-0.21008787  0.64657169  0.73335403]]\n",
      "[[ 0.58778419 -0.80901777  0.        ]\n",
      " [ 0.59329547  0.4310532  -0.67984824]\n",
      " [ 0.5500093   0.39960405  0.73335283]]\n",
      "[[-0.58778419 -0.80901777 -0.        ]\n",
      " [ 0.59329547 -0.4310532  -0.67984824]\n",
      " [ 0.5500093  -0.39960405  0.73335283]]\n",
      "[[ 0.          1.          0.        ]\n",
      " [-0.73335274  0.         -0.67984833]\n",
      " [-0.67984833  0.          0.73335274]]\n",
      "[[-0.99707075  0.0764848   0.        ]\n",
      " [-0.0553453  -0.72149221 -0.69020714]\n",
      " [-0.05279035 -0.68818535  0.72361185]]\n",
      "[[ 0.99707075  0.0764848   0.        ]\n",
      " [-0.0553453   0.72149221 -0.69020714]\n",
      " [-0.05279035  0.68818535  0.72361185]]\n",
      "[[-0.85159801  0.52419541  0.        ]\n",
      " [-0.37931392 -0.61622626 -0.69020732]\n",
      " [-0.36180351 -0.58777918  0.72361167]]\n",
      "[[ 0.85159801  0.52419541  0.        ]\n",
      " [-0.37931392  0.61622626 -0.69020732]\n",
      " [-0.36180351  0.58777918  0.72361167]]\n",
      "[[ 0.76169433 -0.64793653  0.        ]\n",
      " [ 0.46885435  0.55117082 -0.69020745]\n",
      " [ 0.44721062  0.5257271   0.72361155]]\n",
      "[[-0.76169433 -0.64793653 -0.        ]\n",
      " [ 0.46885435 -0.55117082 -0.69020745]\n",
      " [ 0.44721062 -0.5257271   0.72361155]]\n",
      "[[-0.23537353  0.97190499  0.        ]\n",
      " [-0.70328077 -0.17031879 -0.69020842]\n",
      " [-0.670817   -0.16245679  0.72361063]]\n",
      "[[ 0.23537353  0.97190499  0.        ]\n",
      " [-0.70328077  0.17031879 -0.69020842]\n",
      " [-0.670817    0.16245679  0.72361063]]\n",
      "[[ 0.38084612 -0.92463843  0.        ]\n",
      " [ 0.66907696  0.2755838  -0.69020982]\n",
      " [ 0.63819452  0.26286373  0.72360929]]\n",
      "[[-0.38084612 -0.92463843 -0.        ]\n",
      " [ 0.66907696 -0.2755838  -0.69020982]\n",
      " [ 0.63819452 -0.26286373  0.72360929]]\n",
      "[[ 0.87620363 -0.48194108  0.        ]\n",
      " [ 0.34041683  0.61890235 -0.70786741]\n",
      " [ 0.34115038  0.62023599  0.70634533]]\n",
      "[[-0.87620363 -0.48194108 -0.        ]\n",
      " [ 0.34041683 -0.61890235 -0.70786741]\n",
      " [ 0.34115038 -0.62023599  0.70634533]]\n",
      "[[-0.99214248 -0.12511318 -0.        ]\n",
      " [ 0.08837311 -0.70079521 -0.70786741]\n",
      " [ 0.08856354 -0.70230533  0.70634533]]\n",
      "[[ 0.99214247 -0.12511319  0.        ]\n",
      " [ 0.08837312  0.7007952  -0.70786741]\n",
      " [ 0.08856355  0.70230533  0.70634533]]\n",
      "[[-0.72911302  0.68439331  0.        ]\n",
      " [-0.48341789 -0.51500544 -0.7078676 ]\n",
      " [-0.48445985 -0.51611549  0.70634514]]\n",
      "[[ 0.72911302  0.68439331  0.        ]\n",
      " [-0.48341789  0.51500544 -0.7078676 ]\n",
      " [-0.48445985  0.51611549  0.70634514]]\n",
      "[[-0.42557951  0.90492104  0.        ]\n",
      " [-0.63918594 -0.30060571 -0.70786831]\n",
      " [-0.64056492 -0.30125425  0.70634443]]\n",
      "[[ 0.42557954  0.90492102  0.        ]\n",
      " [-0.63918592  0.30060574 -0.70786832]\n",
      " [-0.64056492  0.30125427  0.70634443]]\n",
      "[[ 0.18759298 -0.98224685  0.        ]\n",
      " [ 0.69380237  0.13250484 -0.70787056]\n",
      " [ 0.69530363  0.13279155  0.70634217]]\n",
      "[[-0.18759298 -0.98224685 -0.        ]\n",
      " [ 0.69380237 -0.13250484 -0.70787056]\n",
      " [ 0.69530363 -0.13279155  0.70634217]]\n",
      "[[ 0.95105806 -0.30901225  0.        ]\n",
      " [ 0.20846399  0.64159708 -0.73817067]\n",
      " [ 0.22810378  0.70204317  0.674614  ]]\n",
      "[[-0.95105806 -0.30901225 -0.        ]\n",
      " [ 0.20846399 -0.64159708 -0.73817067]\n",
      " [ 0.22810378 -0.70204317  0.674614  ]]\n",
      "[[-0.58778074  0.80902027  0.        ]\n",
      " [-0.54577622 -0.39652498 -0.73817088]\n",
      " [-0.59719521 -0.43388263  0.67461378]]\n",
      "[[ 0.58778074  0.80902027  0.        ]\n",
      " [-0.54577622  0.39652498 -0.73817088]\n",
      " [-0.59719521  0.43388263  0.67461378]]\n",
      "[[ 0.         -1.          0.        ]\n",
      " [ 0.67461033  0.         -0.73817403]\n",
      " [ 0.73817403  0.          0.67461033]]\n",
      "[[-0.97848916  0.20629822  0.        ]\n",
      " [-0.13047565 -0.61885655 -0.77459194]\n",
      " [-0.15979694 -0.75792982  0.63246132]]\n",
      "[[ 0.97848916  0.20629822  0.        ]\n",
      " [-0.13047565  0.61885655 -0.77459194]\n",
      " [-0.15979694  0.75792982  0.63246132]]\n",
      "[[-0.91286888  0.40825287  0.        ]\n",
      " [-0.25820412 -0.5773542  -0.774592  ]\n",
      " [-0.3162294  -0.70710093  0.63246125]]\n",
      "[[ 0.91286888  0.40825287  0.        ]\n",
      " [-0.25820412  0.5773542  -0.774592  ]\n",
      " [-0.3162294   0.70710093  0.63246125]]\n",
      "[[ 0.67035876 -0.74203715  0.        ]\n",
      " [ 0.46930921  0.42397546 -0.77459258]\n",
      " [ 0.57477647  0.51925492  0.63246054]]\n",
      "[[-0.67035876 -0.74203715 -0.        ]\n",
      " [ 0.46930921 -0.42397546 -0.77459258]\n",
      " [ 0.57477647 -0.51925492  0.63246054]]\n",
      "[[-0.10617304  0.99434767  0.        ]\n",
      " [-0.62888495 -0.06715018 -0.77459317]\n",
      " [-0.77021491 -0.08224091  0.63245982]]\n",
      "[[ 0.10617304  0.99434767  0.        ]\n",
      " [-0.62888495  0.06715018 -0.77459317]\n",
      " [-0.77021491  0.08224091  0.63245982]]\n",
      "[[ 0.49856444 -0.86685264  0.        ]\n",
      " [ 0.54824896  0.31532168 -0.77459365]\n",
      " [ 0.67145855  0.38618485  0.63245923]]\n",
      "[[-0.49856444 -0.86685264 -0.        ]\n",
      " [ 0.54824896 -0.31532168 -0.77459365]\n",
      " [ 0.67145855 -0.38618485  0.63245923]]\n",
      "[[-0.99956491  0.02949567  0.        ]\n",
      " [-0.01831766 -0.62075835 -0.78378794]\n",
      " [-0.02311835 -0.78344692  0.62102855]]\n",
      "[[ 0.99956491  0.02949569  0.        ]\n",
      " [-0.01831767  0.62075835 -0.78378794]\n",
      " [-0.02311837  0.78344692  0.62102855]]\n",
      "[[-0.82599595  0.56367606  0.        ]\n",
      " [-0.35005879 -0.51296687 -0.78378813]\n",
      " [-0.4418026  -0.64740582  0.62102832]]\n",
      "[[ 0.82599595  0.56367606  0.        ]\n",
      " [-0.35005879  0.51296687 -0.78378813]\n",
      " [-0.4418026   0.64740582  0.62102832]]\n",
      "[[ 0.79133176 -0.61138698  0.        ]\n",
      " [ 0.37968855  0.49143933 -0.78378823]\n",
      " [ 0.47919792  0.62023652  0.62102819]]\n",
      "[[-0.79133176 -0.61138698 -0.        ]\n",
      " [ 0.37968855 -0.49143933 -0.78378823]\n",
      " [ 0.47919792 -0.62023652  0.62102819]]\n",
      "[[-0.28083301  0.95975665  0.        ]\n",
      " [-0.59603502 -0.17440495 -0.78378898]\n",
      " [-0.75224669 -0.22011382  0.62102724]]\n",
      "[[ 0.28083301  0.95975665  0.        ]\n",
      " [-0.59603502  0.17440495 -0.78378898]\n",
      " [-0.75224669  0.22011382  0.62102724]]\n",
      "[[ 0.33692812 -0.94153037  0.        ]\n",
      " [ 0.58471453  0.20924102 -0.78379022]\n",
      " [ 0.7379623   0.26408097  0.62102567]]\n",
      "[[-0.33692812 -0.94153037 -0.        ]\n",
      " [ 0.58471453 -0.20924102 -0.78379022]\n",
      " [ 0.7379623  -0.26408097  0.62102567]]\n",
      "[[ 0.98889695 -0.14860292  0.        ]\n",
      " [ 0.08885478  0.59129534 -0.80154516]\n",
      " [ 0.11911195  0.79264556  0.59793424]]\n",
      "[[-0.98889694 -0.14860294 -0.        ]\n",
      " [ 0.08885479 -0.59129534 -0.80154516]\n",
      " [ 0.11911197 -0.79264556  0.59793424]]\n",
      "[[ 0.88738484 -0.46102944  0.        ]\n",
      " [ 0.27566524  0.53059768 -0.80154524]\n",
      " [ 0.36953595  0.7112791   0.59793413]]\n",
      "[[-0.88738484 -0.46102944 -0.        ]\n",
      " [ 0.27566524 -0.53059768 -0.80154524]\n",
      " [ 0.36953595 -0.7112791   0.59793413]]\n",
      "[[-0.71268036  0.70148892  0.        ]\n",
      " [-0.41944409 -0.42613582 -0.80154533]\n",
      " [-0.56227517 -0.57124561  0.59793401]]\n",
      "[[ 0.71268036  0.70148892  0.        ]\n",
      " [-0.41944409  0.42613582 -0.80154533]\n",
      " [-0.56227517  0.57124561  0.59793401]]\n",
      "[[-0.44691651  0.89457567  0.        ]\n",
      " [-0.53489663 -0.26722628 -0.80154583]\n",
      " [-0.7170434  -0.35822406  0.59793335]]\n",
      "[[ 0.44691651  0.89457567  0.        ]\n",
      " [-0.53489663  0.26722628 -0.80154583]\n",
      " [-0.7170434   0.35822406  0.59793335]]\n",
      "[[ 0.16425034 -0.98641869  0.        ]\n",
      " [ 0.58981012  0.09821034 -0.80154772]\n",
      " [ 0.79066165  0.13165449  0.5979308 ]]\n",
      "[[-0.16425034 -0.98641869 -0.        ]\n",
      " [ 0.58981012 -0.09821034 -0.80154772]\n",
      " [ 0.79066165 -0.13165449  0.5979308 ]]\n",
      "[[ 0.95105806 -0.30901226  0.        ]\n",
      " [ 0.17500343  0.5386143  -0.82417743]\n",
      " [ 0.25468093  0.78384058  0.56633167]]\n",
      "[[-0.95105806 -0.30901226 -0.        ]\n",
      " [ 0.17500343 -0.5386143  -0.82417743]\n",
      " [ 0.25468093 -0.78384058  0.56633167]]\n",
      "[[-0.58778077  0.80902025  0.        ]\n",
      " [-0.45817361 -0.33287873 -0.82417759]\n",
      " [-0.66677636 -0.48443574  0.56633145]]\n",
      "[[ 0.58778077  0.80902025  0.        ]\n",
      " [-0.45817361  0.33287873 -0.82417759]\n",
      " [-0.66677636  0.48443574  0.56633145]]\n",
      "[[ 0.         -1.          0.        ]\n",
      " [ 0.56632768  0.         -0.82418017]\n",
      " [ 0.82418017  0.          0.56632768]]\n",
      "[[-0.95105479  0.3090223   0.        ]\n",
      " [-0.16246465 -0.5000053  -0.85064677]\n",
      " [-0.26286882 -0.80901169  0.52573764]]\n",
      "[[ 0.95105479  0.3090223   0.        ]\n",
      " [-0.16246465  0.5000053  -0.85064677]\n",
      " [-0.26286882  0.80901169  0.52573764]]\n",
      "[[ 0.58778378 -0.80901806  0.        ]\n",
      " [ 0.42533005  0.30901919 -0.85064769]\n",
      " [ 0.68818934  0.49999691  0.52573617]]\n",
      "[[-0.58778378 -0.80901806 -0.        ]\n",
      " [ 0.42533005 -0.30901919 -0.85064769]\n",
      " [ 0.68818934 -0.49999691  0.52573617]]\n",
      "[[ 0.          1.          0.        ]\n",
      " [-0.5257359   0.         -0.85064785]\n",
      " [-0.85064785  0.          0.5257359 ]]\n",
      "[[-0.98849041  0.15128352  0.        ]\n",
      " [-0.07877501 -0.51471791 -0.85373296]\n",
      " [-0.12915573 -0.84390685  0.52071108]]\n",
      "[[ 0.98849041  0.15128356  0.        ]\n",
      " [-0.07877502  0.51471791 -0.85373296]\n",
      " [-0.12915576  0.84390684  0.52071108]]\n",
      "[[-0.88862272  0.45863893  0.        ]\n",
      " [-0.23881832 -0.46271559 -0.85373304]\n",
      " [-0.3915552  -0.75864657  0.52071096]]\n",
      "[[ 0.88862272  0.45863893  0.        ]\n",
      " [-0.23881832  0.46271559 -0.85373304]\n",
      " [-0.3915552   0.75864657  0.52071096]]\n",
      "[[ 0.71078695 -0.70340735  0.        ]\n",
      " [ 0.36627141  0.37011404 -0.85373348]\n",
      " [ 0.60052241  0.60682262  0.52071024]]\n",
      "[[-0.71078695 -0.70340735 -0.        ]\n",
      " [ 0.36627141 -0.37011404 -0.85373348]\n",
      " [ 0.60052241 -0.60682262  0.52071024]]\n",
      "[[-0.16158495  0.98685881  0.        ]\n",
      " [-0.51386667 -0.0841388  -0.85373398]\n",
      " [-0.8425149  -0.13795056  0.52070941]]\n",
      "[[ 0.16158495  0.98685881  0.        ]\n",
      " [-0.51386667  0.0841388  -0.85373398]\n",
      " [-0.8425149   0.13795056  0.52070941]]\n",
      "[[ 0.4493333  -0.89336419  0.        ]\n",
      " [ 0.46518258  0.2339718  -0.85373436]\n",
      " [ 0.76269571  0.38361128  0.52070879]]\n",
      "[[-0.4493333  -0.89336419 -0.        ]\n",
      " [ 0.46518258 -0.2339718  -0.85373436]\n",
      " [ 0.76269571 -0.38361128  0.52070879]]\n",
      "[[ 0.99996683 -0.00814547  0.        ]\n",
      " [ 0.00411939  0.50571068 -0.8626933 ]\n",
      " [ 0.00702704  0.86266468  0.50572746]]\n",
      "[[-0.99996682 -0.00814551 -0.        ]\n",
      " [ 0.00411941 -0.50571068 -0.8626933 ]\n",
      " [ 0.00702707 -0.86266468  0.50572746]]\n",
      "[[-0.8041959   0.59436433  0.        ]\n",
      " [-0.30058623 -0.40670377 -0.86269344]\n",
      " [-0.5127542  -0.69377452  0.50572723]]\n",
      "[[ 0.8041959   0.59436433  0.        ]\n",
      " [-0.30058623  0.40670377 -0.86269344]\n",
      " [-0.5127542   0.69377452  0.50572723]]\n",
      "[[ 0.81378187 -0.58117043  0.        ]\n",
      " [ 0.29391361  0.4115515  -0.86269354]\n",
      " [ 0.50137198  0.70204436  0.50572705]]\n",
      "[[-0.81378187 -0.58117043 -0.        ]\n",
      " [ 0.29391361 -0.4115515  -0.86269354]\n",
      " [ 0.50137198 -0.70204436  0.50572705]]\n",
      "[[-0.31675565  0.94850717  0.        ]\n",
      " [-0.47968477 -0.16019158 -0.86269414]\n",
      " [-0.81827158 -0.27326325  0.50572604]]\n",
      "[[ 0.31675565  0.94850717  0.        ]\n",
      " [-0.47968477  0.16019158 -0.86269414]\n",
      " [-0.81827158  0.27326325  0.50572604]]\n",
      "[[ 0.30125386 -0.95354397  0.        ]\n",
      " [ 0.48223048  0.15235144 -0.86269508]\n",
      " [ 0.8226177   0.25989023  0.50572442]]\n",
      "[[-0.30125386 -0.95354397 -0.        ]\n",
      " [ 0.48223048 -0.15235144 -0.86269508]\n",
      " [ 0.8226177  -0.25989023  0.50572442]]\n",
      "[[ 0.98659277 -0.16320143  0.        ]\n",
      " [ 0.07851184  0.47462336 -0.87668042]\n",
      " [ 0.14307549  0.86492656  0.48107322]]\n",
      "[[-0.98659277 -0.16320143 -0.        ]\n",
      " [ 0.07851184 -0.47462336 -0.87668042]\n",
      " [ 0.14307549 -0.86492656  0.48107322]]\n",
      "[[ 0.89410145 -0.44786449  0.        ]\n",
      " [ 0.21545556  0.43012816 -0.87668049]\n",
      " [ 0.39263405  0.78384129  0.4810731 ]]\n",
      "[[-0.89410145 -0.44786449 -0.        ]\n",
      " [ 0.21545556 -0.43012816 -0.87668049]\n",
      " [ 0.39263405 -0.78384129  0.4810731 ]]\n",
      "[[-0.70223533  0.7119449   0.        ]\n",
      " [-0.34249745 -0.33782643 -0.87668056]\n",
      " [-0.62414826 -0.61563606  0.48107297]]\n",
      "[[ 0.70223533  0.7119449   0.        ]\n",
      " [-0.34249745  0.33782643 -0.87668056]\n",
      " [-0.62414826  0.61563606  0.48107297]]\n",
      "[[-0.46008834  0.88787314  0.        ]\n",
      " [-0.42713115 -0.22133574 -0.87668094]\n",
      " [-0.77838146 -0.40335068  0.48107227]]\n",
      "[[ 0.46008834  0.88787314  0.        ]\n",
      " [-0.42713115  0.22133574 -0.87668094]\n",
      " [-0.77838146  0.40335068  0.48107227]]\n",
      "[[ 0.14965456 -0.98873834  0.        ]\n",
      " [ 0.47565189  0.07199425 -0.87668244]\n",
      " [ 0.86680955  0.13119952  0.48106953]]\n",
      "[[-0.14965456 -0.98873834 -0.        ]\n",
      " [ 0.47565189 -0.07199425 -0.87668244]\n",
      " [ 0.86680955 -0.13119952  0.48106953]]\n",
      "[[ 0.95105805 -0.30901227  0.        ]\n",
      " [ 0.13819642  0.42533203 -0.89442407]\n",
      " [ 0.27638801  0.85064921  0.44721984]]\n",
      "[[-0.95105805 -0.30901227 -0.        ]\n",
      " [ 0.13819642 -0.42533203 -0.89442407]\n",
      " [ 0.27638801 -0.85064921  0.44721984]]\n",
      "[[-0.58778073  0.80902028  0.        ]\n",
      " [-0.36180969 -0.26286704 -0.89442421]\n",
      " [-0.72360732 -0.52572532  0.44721956]]\n",
      "[[ 0.58778073  0.80902028  0.        ]\n",
      " [-0.36180969  0.26286704 -0.89442421]\n",
      " [-0.72360732  0.52572532  0.44721956]]\n",
      "[[ 0.         -1.          0.        ]\n",
      " [ 0.4472156   0.         -0.89442619]\n",
      " [ 0.89442619  0.          0.4472156 ]]\n",
      "[[-0.97500673  0.22217531  0.        ]\n",
      " [-0.09021803 -0.39591793 -0.91384337]\n",
      " [-0.20303343 -0.89100344  0.40606687]]\n",
      "[[ 0.97500673  0.22217531  0.        ]\n",
      " [-0.09021803  0.39591793 -0.91384337]\n",
      " [-0.20303343  0.89100344  0.40606687]]\n",
      "[[-0.9193852   0.39335842  0.        ]\n",
      " [-0.15972975 -0.3733317  -0.91384345]\n",
      " [-0.35946802 -0.84017414  0.40606669]]\n",
      "[[ 0.9193852   0.39335842  0.        ]\n",
      " [-0.15972975  0.3733317  -0.91384345]\n",
      " [-0.35946802  0.84017414  0.40606669]]\n",
      "[[ 0.51258934 -0.8586339   0.        ]\n",
      " [ 0.3486617   0.20814491 -0.91384392]\n",
      " [ 0.78465737  0.46842665  0.40606562]]\n",
      "[[-0.51258934 -0.8586339  -0.        ]\n",
      " [ 0.3486617  -0.20814491 -0.91384392]\n",
      " [ 0.78465737 -0.46842665  0.40606562]]\n",
      "[[ 0.65820746 -0.7528366   0.        ]\n",
      " [ 0.30570101  0.26727538 -0.91384395]\n",
      " [ 0.68797517  0.6014989   0.40606555]]\n",
      "[[-0.65820746 -0.7528366  -0.        ]\n",
      " [ 0.30570101 -0.26727538 -0.91384395]\n",
      " [ 0.68797517 -0.6014989   0.40606555]]\n",
      "[[-0.08999494  0.99594222  0.        ]\n",
      " [-0.40441753 -0.03654382 -0.91384409]\n",
      " [-0.91013591 -0.08224135  0.40606525]]\n",
      "[[ 0.08999494  0.99594222  0.        ]\n",
      " [-0.40441753  0.03654382 -0.91384409]\n",
      " [-0.91013591  0.08224135  0.40606525]]\n",
      "[[-0.99739499  0.07213339  0.        ]\n",
      " [-0.02850047 -0.39407867 -0.91863471]\n",
      " [-0.06626424 -0.91624166  0.39510793]]\n",
      "[[ 0.99739499  0.07213341  0.        ]\n",
      " [-0.02850048  0.39407867 -0.91863471]\n",
      " [-0.06626425  0.91624166  0.39510793]]\n",
      "[[-0.84930424  0.52790369  0.        ]\n",
      " [-0.20857884 -0.33556668 -0.91863479]\n",
      " [-0.48495069 -0.78020042  0.39510775]]\n",
      "[[ 0.84930424  0.52790369  0.        ]\n",
      " [-0.20857884  0.33556668 -0.91863479]\n",
      " [-0.48495069  0.78020042  0.39510775]]\n",
      "[[ 0.7645131  -0.64460819  0.        ]\n",
      " [ 0.25468942  0.30206473 -0.91863497]\n",
      " [ 0.59215962  0.70230847  0.39510732]]\n",
      "[[-0.7645131  -0.64460819 -0.        ]\n",
      " [ 0.25468942 -0.30206473 -0.91863497]\n",
      " [ 0.59215962 -0.70230847  0.39510732]]\n",
      "[[-0.23961009  0.9708692   0.        ]\n",
      " [-0.38359685 -0.09467153 -0.91863527]\n",
      " [-0.89187469 -0.22011428  0.39510662]]\n",
      "[[ 0.23961009  0.9708692   0.        ]\n",
      " [-0.38359685  0.09467153 -0.91863527]\n",
      " [-0.89187469  0.22011428  0.39510662]]\n",
      "[[ 0.37680926 -0.92629087  0.        ]\n",
      " [ 0.36598298  0.14887956 -0.91863558]\n",
      " [ 0.85092376  0.34615039  0.39510589]]\n",
      "[[-0.37680926 -0.92629087 -0.        ]\n",
      " [ 0.36598298 -0.14887956 -0.91863558]\n",
      " [ 0.85092376 -0.34615039  0.39510589]]\n",
      "[[ 0.99660701 -0.08230716  0.        ]\n",
      " [ 0.0307786   0.37267929 -0.92744963]\n",
      " [ 0.07633574  0.92430281  0.37394809]]\n",
      "[[-0.99660701 -0.08230717 -0.        ]\n",
      " [ 0.03077861 -0.37267929 -0.92744963]\n",
      " [ 0.07633576 -0.92430281  0.37394809]]\n",
      "[[ 0.85465381 -0.51919829  0.        ]\n",
      " [ 0.1941531   0.31959599 -0.92744972]\n",
      " [ 0.48153031  0.79264843  0.37394789]]\n",
      "[[-0.85465381 -0.51919829 -0.        ]\n",
      " [ 0.1941531  -0.31959599 -0.92744972]\n",
      " [ 0.48153031 -0.79264843  0.37394789]]\n",
      "[[-0.75788797  0.65238472  0.        ]\n",
      " [-0.24395788 -0.28341059 -0.92744973]\n",
      " [-0.60505403 -0.70290299  0.37394787]]\n",
      "[[ 0.75788797  0.65238472  0.        ]\n",
      " [-0.24395788  0.28341059 -0.92744973]\n",
      " [-0.60505403  0.70290299  0.37394787]]\n",
      "[[-0.38624687  0.92239545  0.        ]\n",
      " [-0.34492719 -0.14443593 -0.92745   ]\n",
      " [-0.85547565 -0.35822465  0.3739472 ]]\n",
      "[[ 0.38624687  0.92239545  0.        ]\n",
      " [-0.34492719  0.14443593 -0.92745   ]\n",
      " [-0.85547565  0.35822465  0.3739472 ]]\n",
      "[[ 0.22968436 -0.97326517  0.        ]\n",
      " [ 0.363948    0.0858894  -0.92745073]\n",
      " [ 0.9026555   0.21302092  0.37394536]]\n",
      "[[-0.22968436 -0.97326517 -0.        ]\n",
      " [ 0.363948   -0.0858894  -0.92745073]\n",
      " [ 0.9026555  -0.21302092  0.37394536]]\n",
      "[[ 0.92083088 -0.38996217  0.        ]\n",
      " [ 0.13380366  0.31595511 -0.93929173]\n",
      " [ 0.36628824  0.86492883  0.34311959]]\n",
      "[[-0.92083088 -0.38996217 -0.        ]\n",
      " [ 0.13380366 -0.31595511 -0.93929173]\n",
      " [ 0.36628824 -0.86492883  0.34311959]]\n",
      "[[ 0.97418344 -0.22575788  0.        ]\n",
      " [ 0.07746191  0.33426125 -0.93929179]\n",
      " [ 0.21205252  0.91504251  0.34311941]]\n",
      "[[-0.97418344 -0.22575788 -0.        ]\n",
      " [ 0.07746191 -0.33426125 -0.93929179]\n",
      " [ 0.21205252 -0.91504251  0.34311941]]\n",
      "[[-0.65542793  0.75525773  0.        ]\n",
      " [-0.25914355 -0.22489001 -0.93929181]\n",
      " [-0.7094074  -0.61563808  0.34311936]]\n",
      "[[ 0.65542793  0.75525773  0.        ]\n",
      " [-0.25914355  0.22489001 -0.93929181]\n",
      " [-0.7094074   0.61563808  0.34311936]]\n",
      "[[-0.51574628  0.85674137  0.        ]\n",
      " [-0.29396447 -0.17696249 -0.93929184]\n",
      " [-0.80473018 -0.48443628  0.34311927]]\n",
      "[[ 0.51574628  0.85674137  0.        ]\n",
      " [-0.29396447  0.17696249 -0.93929184]\n",
      " [-0.80473018  0.48443628  0.34311927]]\n",
      "[[ 0.08632571 -0.99626697  0.        ]\n",
      " [ 0.34183521  0.02961974 -0.93929301]\n",
      " [ 0.9357866   0.08108514  0.34311607]]\n",
      "[[-0.08632571 -0.99626697 -0.        ]\n",
      " [ 0.34183521 -0.02961974 -0.93929301]\n",
      " [ 0.9357866  -0.08108514  0.34311607]]\n",
      "[[-0.9510557   0.30901952  0.        ]\n",
      " [-0.08656202 -0.26640808 -0.95996549]\n",
      " [-0.29664808 -0.91298065  0.28011828]]\n",
      "[[ 0.9510557   0.30901952  0.        ]\n",
      " [-0.08656202  0.26640808 -0.95996549]\n",
      " [-0.29664808  0.91298065  0.28011828]]\n",
      "[[ 0.5877835  -0.80901826  0.        ]\n",
      " [ 0.2266202   0.16464847 -0.95996571]\n",
      " [ 0.77662979  0.56425201  0.28011754]]\n",
      "[[-0.5877835  -0.80901826 -0.        ]\n",
      " [ 0.2266202  -0.16464847 -0.95996571]\n",
      " [ 0.77662979 -0.56425201  0.28011754]]\n",
      "[[ 0.          1.          0.        ]\n",
      " [-0.28011707  0.         -0.95996585]\n",
      " [-0.95996585  0.          0.28011707]]\n",
      "[[-0.9896067   0.14380048  0.        ]\n",
      " [-0.03974603 -0.27352437 -0.96104353]\n",
      " [-0.13819853 -0.95105512  0.27639705]]\n",
      "[[ 0.9896067   0.14380048  0.        ]\n",
      " [-0.03974603  0.27352437 -0.96104353]\n",
      " [-0.13819853  0.95105512  0.27639705]]\n",
      "[[-0.88512995  0.46534393  0.        ]\n",
      " [-0.12861959 -0.24464712 -0.96104359]\n",
      " [-0.4472158  -0.85064847  0.27639684]]\n",
      "[[ 0.88512995  0.46534393  0.        ]\n",
      " [-0.12861959  0.24464712 -0.96104359]\n",
      " [-0.4472158   0.85064847  0.27639684]]\n",
      "[[ 0.44256251 -0.89673766  0.        ]\n",
      " [ 0.24785487  0.12232259 -0.96104378]\n",
      " [ 0.86180415  0.42532195  0.27639619]]\n",
      "[[-0.44256251 -0.89673766 -0.        ]\n",
      " [ 0.24785487 -0.12232259 -0.96104378]\n",
      " [ 0.86180415 -0.42532195  0.27639619]]\n",
      "[[ 0.7160858  -0.69801227  0.        ]\n",
      " [ 0.19292789  0.19792334 -0.9610438 ]\n",
      " [ 0.67082036  0.68818981  0.27639613]]\n",
      "[[-0.7160858  -0.69801227 -0.        ]\n",
      " [ 0.19292789 -0.19792334 -0.9610438 ]\n",
      " [ 0.67082036 -0.68818981  0.27639613]]\n",
      "[[-0.16904289  0.9856087   0.        ]\n",
      " [-0.27241817 -0.04672276 -0.96104387]\n",
      " [-0.9472132  -0.16245763  0.27639586]]\n",
      "[[ 0.16904289  0.9856087   0.        ]\n",
      " [-0.27241817  0.04672276 -0.96104387]\n",
      " [-0.9472132   0.16245763  0.27639586]]\n",
      "[[ 9.99995922e-01 -2.85602090e-03  0.00000000e+00]\n",
      " [ 7.34167273e-04  2.57058441e-01 -9.66395581e-01]\n",
      " [ 2.76004598e-03  9.66391640e-01  2.57059489e-01]]\n",
      "[[-9.99995922e-01 -2.85602090e-03 -0.00000000e+00]\n",
      " [ 7.34167273e-04 -2.57058441e-01 -9.66395581e-01]\n",
      " [ 2.76004598e-03 -9.66391640e-01  2.57059489e-01]]\n",
      "[[-0.80733187  0.59009767  0.        ]\n",
      " [-0.15169013 -0.20753222 -0.96639561]\n",
      " [-0.5702678  -0.78020197  0.25705937]]\n",
      "[[ 0.80733187  0.59009767  0.        ]\n",
      " [-0.15169013  0.20753222 -0.96639561]\n",
      " [-0.5702678   0.78020197  0.25705937]]\n",
      "[[ 0.81069411 -0.58546994  0.        ]\n",
      " [ 0.15050041  0.20839635 -0.96639567]\n",
      " [ 0.56579562  0.78345128  0.25705916]]\n",
      "[[-0.81069411 -0.58546994 -0.        ]\n",
      " [ 0.15050041 -0.20839635 -0.96639567]\n",
      " [ 0.56579562 -0.78345128  0.25705916]]\n",
      "[[ 0.31173063  0.95017052  0.        ]\n",
      " [-0.24424966  0.08013309 -0.96639577]\n",
      " [-0.91824077  0.30125516  0.25705877]]\n",
      "[[-0.31173066  0.95017051  0.        ]\n",
      " [-0.24424966 -0.0801331  -0.96639577]\n",
      " [-0.91824077 -0.30125519  0.25705876]]\n",
      "[[ 0.30629438 -0.95193684  0.        ]\n",
      " [ 0.24470288  0.07873539 -0.966396  ]\n",
      " [ 0.91994796  0.29600167  0.2570579 ]]\n",
      "[[-0.30629438 -0.95193684 -0.        ]\n",
      " [ 0.24470288 -0.07873539 -0.966396  ]\n",
      " [ 0.91994796 -0.29600167  0.2570579 ]]\n",
      "[[ 0.9510572  -0.30901489  0.        ]\n",
      " [ 0.07277788  0.22398898 -0.97187052]\n",
      " [ 0.30032246  0.92430446  0.23551578]]\n",
      "[[-0.9510572  -0.30901489 -0.        ]\n",
      " [ 0.07277788 -0.22398898 -0.97187052]\n",
      " [ 0.30032246 -0.92430446  0.23551578]]\n",
      "[[-0.58778205  0.80901932  0.        ]\n",
      " [-0.19053674 -0.13843189 -0.97187055]\n",
      " [-0.78626205 -0.57124806  0.23551569]]\n",
      "[[ 0.58778205  0.80901932  0.        ]\n",
      " [-0.19053674  0.13843189 -0.97187055]\n",
      " [-0.78626205  0.57124806  0.23551569]]\n",
      "[[ 0.         -1.          0.        ]\n",
      " [ 0.23551325  0.         -0.97187114]\n",
      " [ 0.97187114  0.          0.23551325]]\n",
      "[[ 0.88696569 -0.46183533  0.        ]\n",
      " [ 0.10735728  0.20618219 -0.97260646]\n",
      " [ 0.44918402  0.86266855  0.23245792]]\n",
      "[[-0.88696569 -0.46183533 -0.        ]\n",
      " [ 0.10735728 -0.20618219 -0.97260646]\n",
      " [ 0.44918402 -0.86266855  0.23245792]]\n",
      "[[ 0.98903096 -0.14770834  0.        ]\n",
      " [ 0.03433595  0.22990791 -0.97260649]\n",
      " [ 0.14366209  0.96193794  0.23245775]]\n",
      "[[-0.98903096 -0.14770834 -0.        ]\n",
      " [ 0.03433595 -0.22990791 -0.97260649]\n",
      " [ 0.14366209 -0.96193794  0.23245775]]\n",
      "[[-0.71331843  0.70084008  0.        ]\n",
      " [-0.1629157  -0.16581639 -0.9726065 ]\n",
      " [-0.68164162 -0.69377814  0.23245774]]\n",
      "[[ 0.71331843  0.70084008  0.        ]\n",
      " [-0.1629157   0.16581639 -0.9726065 ]\n",
      " [-0.68164162  0.69377814  0.23245774]]\n",
      "[[-0.44610392  0.89498117  0.        ]\n",
      " [-0.20804521 -0.10370027 -0.97260652]\n",
